4 0.3885 0.4525 0.0167 0.0483
1 0.2208 0.5217 0.0458 0.0533
1 0.1557 0.53 0.0344 0.05
4 0.2911 0.3758 0.0156 0.045
1 0.0187 0.5425 0.0271 0.0483
1 0.3359 0.5183 0.049 0.07
7 0.2198 0.3758 0.0187 0.055
1 0.251 0.5217 0.0229 0.0433
1 0.3094 0.5233 0.0292 0.0633
7 0.0615 0.4675 0.0167 0.0483
3 0.601 0.3983 0.0333 0.06
3 0.0677 0.4558 0.0208 0.0417
1 0.2745 0.5242 0.0448 0.0617
4 0.3854 0.4583 0.0146 0.03
1 0.5906 0.4892 0.0583 0.0483
1 0.5896 0.4933 0.0646 0.06
1 0.3365 0.5133 0.0521 0.0667
1 0.1573 0.53 0.0417 0.0633
1 0.5719 0.5558 0.0875 0.1017
1 0.4651 0.545 0.151 0.2167
3 0.6078 0.3875 0.026 0.085
1 0.2766 0.5217 0.0469 0.07
1 0.6844 0.5642 0.1604 0.1317
1 0.1156 0.54 0.0542 0.0733
