2 0.2885 0.54 0.0167 0.05
1 0.7495 0.6392 0.2594 0.2783
2 0.0703 0.56 0.0365 0.1267
1 0.6104 0.5775 0.1 0.1817
1 0.3458 0.545 0.0271 0.05
1 0.7708 0.635 0.3104 0.28
2 0.1047 0.5725 0.0198 0.0917
2 0.8599 0.4933 0.0635 0.16
4 0.5521 0.4408 0.0187 0.0417
4 0.2964 0.455 0.0156 0.04
1 0.413 0.5625 0.1427 0.2083
1 0.6292 0.5817 0.1417 0.1833
1 0.5 0.54 0.1062 0.0767
1 0.5589 0.5558 0.0531 0.1283
2 0.2672 0.5408 0.0198 0.0517
2 0.0526 0.5733 0.026 0.1033
2 0.8573 0.4783 0.05 0.11
2 0.1599 0.5625 0.0281 0.105
