1 0.4755 0.4942 0.0323 0.0417
1 0.5599 0.495 0.0198 0.0433
2 0.762 0.4925 0.024 0.065
1 0.4432 0.5008 0.0281 0.035
1 0.6292 0.4875 0.0417 0.0483
1 0.0833 0.5175 0.0542 0.045
1 0.8578 0.51 0.074 0.1133
4 0.726 0.4158 0.0167 0.0483
1 0.0938 0.4992 0.0417 0.0317
1 0.3943 0.5042 0.0719 0.075
1 0.5828 0.4992 0.0385 0.0517
3 0.8 0.075 0.0271 0.0933
1 0.299 0.5267 0.0958 0.0833
3 0.6526 0.3567 0.0156 0.0433
1 0.6312 0.4967 0.05 0.0667
1 0.449 0.4933 0.0354 0.04
6 0.801 0.0767 0.05 0.1167
2 0.9208 0.4825 0.0229 0.0783
3 0.5682 0.3608 0.024 0.0617
3 0.0823 0.0783 0.1646 0.1567
1 0.0885 0.5342 0.0375 0.0517
2 0.925 0.4833 0.025 0.0967
1 0.5599 0.4908 0.026 0.0417
1 0.174 0.5033 0.1021 0.0633
1 0.6786 0.505 0.0802 0.1033
1 0.5844 0.4908 0.0312 0.035
