1 0.2917 0.525 0.0813 0.0833
3 0.2901 0.3783 0.0156 0.05
3 0.349 0.3375 0.0167 0.0483
1 0.4641 0.5117 0.024 0.0367
4 0.4969 0.4033 0.0187 0.0367
4 0.3859 0.4142 0.0115 0.025
1 0.799 0.5558 0.1854 0.1717
1 0.5276 0.5125 0.0552 0.0517
1 0.4641 0.5017 0.026 0.0533
1 0.1401 0.525 0.1031 0.0567
4 0.7307 0.4183 0.0135 0.0467
10 0.6573 0.5083 0.0563 0.1033
1 0.3229 0.5017 0.0229 0.05
1 0.5911 0.5192 0.0344 0.035
1 0.3885 0.5592 0.1521 0.1683
1 0.275 0.5142 0.0187 0.025
4 0.4167 0.44 0.0146 0.0333
3 0.1391 0.3017 0.0198 0.0533
1 0.2089 0.5208 0.024 0.0317
1 0.2938 0.5267 0.0708 0.0967
10 0.651 0.5042 0.0583 0.0983
