0 0.6547 0.5267 0.0323 0.09
7 0.2781 0.28 0.025 0.0667
2 0.725 0.5217 0.0208 0.0867
2 0.687 0.5258 0.0219 0.085
2 0.101 0.5042 0.0354 0.0917
2 0.5932 0.5192 0.024 0.0917
0 0.6271 0.5275 0.0333 0.0917
1 0.0677 0.6183 0.1354 0.3567
2 0.5542 0.5217 0.0208 0.0733
1 0.1328 0.5408 0.0469 0.075
2 0.5797 0.52 0.0177 0.08
1 0.9526 0.5208 0.0927 0.085
2 0.5474 0.5233 0.0135 0.07
6 0.3901 0.2858 0.024 0.075
2 0.7021 0.5267 0.0229 0.0867
2 0.5672 0.5158 0.0135 0.0783
2 0.4901 0.5258 0.0219 0.0683
1 0.3255 0.6542 0.324 0.4083
6 0.5635 0.4142 0.0271 0.075
2 0.7911 0.52 0.0365 0.1333
2 0.9547 0.4908 0.0156 0.055
1 0.174 0.54 0.0521 0.0533
