2 0.7609 0.5017 0.0281 0.1167
1 0.0411 0.5442 0.0823 0.215
1 0.0995 0.5517 0.0844 0.1867
1 0.2125 0.5292 0.0667 0.115
2 0.7438 0.5058 0.0208 0.125
2 0.3547 0.5033 0.0219 0.12
2 0.8995 0.6533 0.151 0.5633
1 0.1469 0.5283 0.1125 0.14
10 0.4417 0.4817 0.0437 0.1
10 0.5057 0.4567 0.0531 0.09
1 0.2896 0.5092 0.0833 0.0683
1 0.087 0.5592 0.1302 0.1717
1 0.4964 0.52 0.0469 0.06
10 0.5042 0.475 0.05 0.1167
2 0.3307 0.555 0.076 0.2867
2 0.3557 0.4967 0.0177 0.1067
1 0.4979 0.515 0.0396 0.05
1 0.1516 0.5592 0.0635 0.1717
1 0.2047 0.5133 0.0906 0.1133
2 0.7432 0.4967 0.0281 0.1333
1 0.8901 0.5608 0.1698 0.2283
10 0.4437 0.4783 0.0479 0.11
2 0.376 0.5017 0.0146 0.1
2 0.375 0.5092 0.0146 0.0983
