1 0.0703 0.5475 0.0427 0.045
7 0.3833 0.4675 0.0187 0.0283
1 0.0354 0.565 0.0708 0.0767
1 0.5714 0.5408 0.0927 0.1017
1 0.2036 0.545 0.0323 0.04
6 0.4443 0.4317 0.0156 0.04
6 0.4708 0.4742 0.0104 0.0283
1 0.7089 0.55 0.1844 0.2233
1 0.4427 0.5358 0.0375 0.085
1 0.5198 0.5117 0.0604 0.0567
1 0.6151 0.5117 0.0469 0.0633
1 0.1865 0.5467 0.0271 0.0467
6 0.4448 0.4342 0.0104 0.0283
6 0.5135 0.4575 0.025 0.0583
7 0.3818 0.475 0.0115 0.0333
1 0.1479 0.5467 0.0458 0.0567
6 0.5104 0.4533 0.0104 0.0367
1 0.3917 0.5425 0.0938 0.1283
6 0.4714 0.4742 0.0135 0.0483
