1 0.4828 0.5017 0.0365 0.0567
1 0.9052 0.555 0.1708 0.1233
3 0.3318 0.4092 0.0094 0.035
4 0.4229 0.4417 0.0146 0.0333
10 0.6422 0.4983 0.076 0.1033
1 0.5911 0.5117 0.0219 0.04
4 0.3969 0.4292 0.0083 0.0217
1 0.4328 0.5383 0.1073 0.1233
4 0.6604 0.4483 0.0146 0.03
1 0.5792 0.5258 0.0688 0.0683
1 0.2724 0.5175 0.024 0.0317
10 0.6448 0.505 0.075 0.0967
1 0.5833 0.5258 0.0667 0.0617
1 0.3115 0.5108 0.0187 0.0183
4 0.4906 0.4267 0.0187 0.0367
1 0.4833 0.515 0.025 0.0433
1 0.3656 0.5133 0.0167 0.0467
1 0.338 0.5167 0.0365 0.0567
3 0.2151 0.3567 0.0198 0.0533
1 0.901 0.5508 0.1688 0.1217
3 0.3703 0.3783 0.0177 0.04
1 0.3411 0.5217 0.0531 0.07
