1 0.4104 0.5508 0.0312 0.065
1 0.6557 0.5308 0.0281 0.0717
1 0.1406 0.5583 0.0792 0.08
4 0.7021 0.2833 0.0312 0.0967
1 0.1932 0.5642 0.0365 0.0617
5 0.5229 0.3692 0.0271 0.0783
1 0.4625 0.545 0.0604 0.06
1 0.0922 0.545 0.0844 0.0667
1 0.5724 0.5367 0.0177 0.0567
1 0.7703 0.5967 0.2052 0.21
1 0.6141 0.5342 0.0635 0.0883
4 0.5203 0.3742 0.0156 0.065
1 0.5625 0.5292 0.0187 0.0517
1 0.0729 0.5958 0.1448 0.215
1 0.3115 0.5508 0.0604 0.0717
1 0.2411 0.5575 0.0719 0.0717
5 0.451 0.3217 0.025 0.0667
1 0.6323 0.5217 0.0187 0.06
1 0.3682 0.5517 0.0615 0.08
1 0.6745 0.5233 0.0365 0.0633
1 0.4865 0.535 0.0375 0.0633
1 0.3089 0.5508 0.0531 0.085
4 0.9745 0.4242 0.0167 0.045
