1 0.5911 0.5 0.049 0.0533
1 0.4094 0.4925 0.0333 0.0483
1 0.3812 0.4692 0.0271 0.0217
5 0.3026 0.4167 0.0198 0.0533
4 0.5734 0.2725 0.0177 0.0617
4 0.574 0.2725 0.0187 0.0683
1 0.9255 0.5233 0.1448 0.0833
1 0.4167 0.4675 0.0229 0.0283
1 0.5 0.4833 0.0208 0.0333
1 0.5323 0.4875 0.0437 0.045
1 0.2333 0.5133 0.0708 0.1
7 0.3026 0.4267 0.0198 0.0567
1 0.537 0.49 0.0552 0.05
1 0.6599 0.5125 0.0719 0.0617
1 0.1437 0.5308 0.0708 0.0717
1 0.4693 0.5192 0.0719 0.105
1 0.3474 0.4825 0.0198 0.0483
1 0.0635 0.5367 0.0479 0.0567
1 0.0958 0.525 0.0375 0.06
1 0.1417 0.53 0.0688 0.0667
2 0.7422 0.5083 0.0177 0.0667
1 0.0875 0.4908 0.0333 0.0317
1 0.1005 0.5242 0.0427 0.055
1 0.0589 0.54 0.0531 0.06
10 0.2302 0.5092 0.0729 0.0983
1 0.3724 0.5025 0.0531 0.085
4 0.7349 0.3983 0.0156 0.0433
