1 0.3479 0.5975 0.1979 0.2583
2 0.0312 0.5033 0.0187 0.0467
1 0.4516 0.5225 0.0656 0.1317
2 0.5917 0.5025 0.0187 0.055
4 0.2667 0.4267 0.0229 0.0567
1 0.2172 0.5267 0.1094 0.0667
1 0.762 0.5567 0.2823 0.2733
2 0.5323 0.5167 0.0167 0.09
2 0.5417 0.5142 0.0146 0.085
4 0.5031 0.4125 0.0167 0.0383
2 0.5734 0.4967 0.0219 0.07
2 0.1068 0.5317 0.0135 0.08
1 0.0271 0.5558 0.0542 0.2083
2 0.5729 0.5033 0.0146 0.0667
2 0.5339 0.5183 0.026 0.0967
2 0.5599 0.51 0.0156 0.0933
4 0.5031 0.4125 0.0208 0.0617
2 0.1609 0.5208 0.0135 0.0717
2 0.0453 0.5125 0.0156 0.0417
4 0.2672 0.4308 0.0156 0.0417
1 0.4979 0.5158 0.0458 0.065
