6 0.7266 0.4033 0.0156 0.0433
6 0.7297 0.4083 0.0135 0.0267
10 0.5214 0.4767 0.0344 0.0733
1 0.0682 0.555 0.0427 0.0567
2 0.8286 0.4817 0.024 0.0567
2 0.9911 0.4817 0.0115 0.0833
1 0.1766 0.4958 0.0885 0.0683
2 0.826 0.4775 0.0312 0.0883
1 0.2497 0.4954 0.0734 0.0408
6 0.8005 0.07 0.024 0.09
1 0.0974 0.5125 0.0281 0.0283
1 0.4172 0.4967 0.0385 0.0467
1 0.5891 0.485 0.074 0.05
3 0.5703 0.0292 0.026 0.0567
2 0.9755 0.4775 0.0302 0.155
0 0.9703 0.4925 0.0281 0.1017
3 0.5667 0.3608 0.0125 0.0517
6 0.6531 0.355 0.0146 0.04
1 0.4724 0.4992 0.0344 0.0383
