3 0.3182 0.3367 0.024 0.04
2 0.5312 0.4933 0.0063 0.0283
1 0.812 0.4833 0.0969 0.0633
1 0.0646 0.5025 0.0521 0.045
1 0.6937 0.4767 0.1125 0.0733
1 0.2182 0.5483 0.2302 0.2267
1 0.1031 0.5058 0.0604 0.0617
4 0.5802 0.4067 0.0125 0.0233
1 0.1052 0.5092 0.0563 0.0517
1 0.3214 0.5025 0.0365 0.045
4 0.4448 0.3683 0.0146 0.0267
1 0.5797 0.4942 0.0344 0.0383
4 0.4458 0.3575 0.0125 0.045
4 0.5583 0.4333 0.0104 0.03
1 0.0615 0.5083 0.0437 0.04
4 0.3906 0.3408 0.0187 0.055
4 0.575 0.4008 0.0187 0.045
4 0.3911 0.35 0.0156 0.03
4 0.5604 0.4267 0.0187 0.04
