0 0.6552 0.5258 0.0333 0.0883
6 0.3901 0.2858 0.024 0.075
7 0.2786 0.28 0.024 0.0667
2 0.5901 0.515 0.026 0.0833
2 0.912 0.4975 0.0198 0.045
2 0.5406 0.525 0.0187 0.0733
1 0.326 0.6567 0.3208 0.4133
2 0.8531 0.52 0.0396 0.14
2 0.5401 0.5217 0.0156 0.07
1 0.0464 0.6075 0.0917 0.3283
6 0.5635 0.4133 0.0271 0.0733
1 0.1211 0.5421 0.0672 0.0642
2 0.887 0.5125 0.0281 0.0883
2 0.687 0.5275 0.0219 0.0817
2 0.4932 0.5267 0.024 0.07
2 0.7026 0.525 0.0219 0.0867
0 0.6281 0.5275 0.0333 0.0917
2 0.9104 0.5 0.0167 0.06
2 0.7245 0.5217 0.0198 0.0867
2 0.5495 0.5175 0.0177 0.0817
1 0.9484 0.5192 0.0969 0.0883
1 0.1755 0.5392 0.051 0.055
2 0.5729 0.5175 0.0167 0.0783
