1 0.4776 0.515 0.1073 0.17
1 0.6422 0.515 0.0531 0.0567
1 0.0396 0.4425 0.0542 0.045
1 0.2365 0.4742 0.0625 0.0517
1 0.1115 0.4517 0.0646 0.0633
1 0.7422 0.515 0.0552 0.0633
6 0.425 0.4367 0.0125 0.0233
1 0.9531 0.5333 0.0375 0.0733
1 0.1583 0.4508 0.0437 0.0517
1 0.8255 0.5342 0.1052 0.075
1 0.9 0.535 0.0771 0.0633
1 0.6792 0.505 0.0396 0.0467
1 0.749 0.5175 0.0688 0.0783
1 0.3094 0.4667 0.0458 0.05
8 0.4964 0.4117 0.0115 0.03
1 0.237 0.4708 0.051 0.0483
1 0.313 0.4642 0.0406 0.0517
1 0.601 0.5033 0.0437 0.0533
1 0.1974 0.4608 0.049 0.0683
1 0.8281 0.5467 0.0938 0.11
1 0.0286 0.4408 0.0531 0.0483
