1 0.4531 0.51 0.0396 0.05
2 0.3693 0.4975 0.0156 0.1083
2 0.7214 0.6067 0.0823 0.39
1 0.1562 0.52 0.0792 0.1233
1 0.2776 0.5092 0.0865 0.0717
1 0.0583 0.535 0.1125 0.1867
2 0.3729 0.4967 0.0167 0.0967
10 0.4667 0.4725 0.0479 0.1117
10 0.4089 0.4758 0.0448 0.095
2 0.187 0.5467 0.0677 0.2367
1 0.8609 0.5642 0.274 0.4417
10 0.4089 0.475 0.049 0.1
2 0.3891 0.5017 0.0156 0.0933
10 0.4651 0.4567 0.0531 0.09
1 0.1141 0.54 0.0865 0.1433
10 0.3464 0.4925 0.0635 0.0817
2 0.2255 0.53 0.0323 0.2333
2 0.388 0.4942 0.0156 0.085
1 0.1255 0.5275 0.0677 0.1383
1 0.4547 0.5108 0.0427 0.0617
