2 0.8479 0.4975 0.0292 0.1483
2 0.8812 0.49 0.0312 0.1633
2 0.6068 0.475 0.0219 0.0633
1 0.2818 0.5292 0.0219 0.0483
2 0.924 0.4858 0.025 0.145
2 0.9182 0.425 0.0135 0.0433
1 0.5188 0.5383 0.3125 0.1667
2 0.9437 0.4867 0.0312 0.1833
1 0.4016 0.5133 0.0177 0.0433
2 0.9234 0.4875 0.0219 0.155
2 0.9021 0.485 0.025 0.1467
2 0.8422 0.4925 0.024 0.1517
2 0.8333 0.4908 0.0167 0.1483
2 0.9161 0.4742 0.0198 0.135
1 0.1271 0.5554 0.0781 0.0758
2 0.4698 0.4975 0.0208 0.0683
2 0.0813 0.5392 0.025 0.075
1 0.4344 0.5208 0.0542 0.065
2 0.8318 0.4983 0.0219 0.1467
1 0.2279 0.5471 0.0911 0.1058
3 0.5813 0.3083 0.0292 0.0933
