1 0.8344 0.4958 0.0854 0.0417
1 0.1995 0.5 0.0552 0.0567
1 0.8286 0.5 0.0906 0.0533
6 0.3635 0.3717 0.0146 0.0367
1 0.649 0.5008 0.075 0.0583
1 0.6516 0.5042 0.0823 0.0517
1 0.2083 0.5417 0.0729 0.07
4 0.4292 0.3758 0.0208 0.0483
1 0.2026 0.545 0.076 0.08
4 0.5312 0.4583 0.0146 0.0333
4 0.6031 0.4133 0.0146 0.03
4 0.5297 0.4467 0.024 0.05
1 0.7078 0.5033 0.0385 0.0467
4 0.6047 0.4008 0.0198 0.055
1 0.713 0.4983 0.0448 0.0367
7 0.3609 0.3775 0.0156 0.0483
1 0.7682 0.5033 0.0448 0.0533
4 0.4302 0.3883 0.0187 0.03
1 0.0802 0.6025 0.1594 0.2483
1 0.2875 0.5367 0.0854 0.0967
1 0.2865 0.5367 0.0833 0.1033
1 0.7885 0.4933 0.0688 0.05
1 0.9047 0.4925 0.0531 0.045
6 0.1526 0.4442 0.0177 0.0417
