1 0.2844 0.5017 0.0187 0.04
10 0.0948 0.49 0.1167 0.0767
6 0.5958 0.4133 0.0146 0.0433
7 0.4646 0.44 0.0187 0.04
1 0.2781 0.5067 0.0271 0.0467
1 0.8349 0.5158 0.1844 0.2083
1 0.187 0.5167 0.0531 0.0567
3 0.5271 0.3875 0.0167 0.0383
8 0.5516 0.43 0.0156 0.02
10 0.0938 0.4742 0.1083 0.0583
1 0.1297 0.5075 0.0781 0.0917
1 0.2484 0.5058 0.0281 0.055
1 0.2229 0.51 0.0292 0.05
1 0.2474 0.5042 0.0219 0.055
8 0.5943 0.4125 0.0177 0.0283
1 0.376 0.4892 0.0208 0.0317
1 0.1906 0.5125 0.0292 0.055
1 0.2182 0.51 0.024 0.05
6 0.5542 0.435 0.0146 0.0367
