3 0.8 0.075 0.0271 0.0933
1 0.0938 0.4992 0.0417 0.0317
1 0.5526 0.4925 0.026 0.0417
1 0.0833 0.5175 0.0542 0.045
1 0.4458 0.4933 0.0354 0.04
1 0.6188 0.4917 0.05 0.0667
1 0.1729 0.5033 0.1021 0.0633
1 0.6208 0.4892 0.0417 0.0483
1 0.4411 0.4992 0.0281 0.035
4 0.726 0.4158 0.0167 0.0483
2 0.7599 0.4858 0.024 0.065
3 0.6526 0.3567 0.0156 0.0433
6 0.0823 0.0783 0.1646 0.1567
3 0.5682 0.3608 0.024 0.0617
1 0.3786 0.5108 0.0719 0.075
6 0.801 0.0767 0.05 0.1167
1 0.576 0.4958 0.0312 0.035
1 0.0875 0.5325 0.0375 0.0517
2 0.9385 0.4825 0.0229 0.0783
2 0.9344 0.4883 0.025 0.0967
1 0.663 0.4958 0.0656 0.085
1 0.5526 0.4933 0.0198 0.0433
1 0.8589 0.51 0.074 0.1133
1 0.5797 0.4942 0.0385 0.0517
1 0.4745 0.4958 0.0323 0.0417
1 0.2875 0.5233 0.0958 0.0833
