4 0.4182 0.3625 0.0177 0.0417
1 0.2661 0.4917 0.0469 0.0533
4 0.4177 0.36 0.0125 0.0433
1 0.0646 0.5075 0.0625 0.035
4 0.5885 0.4317 0.0146 0.0333
1 0.3818 0.4983 0.0427 0.0533
1 0.4953 0.4917 0.0302 0.0467
1 0.4313 0.5 0.0437 0.0533
1 0.2026 0.4958 0.0469 0.045
5 0.3552 0.3567 0.0146 0.0467
1 0.4464 0.49 0.0302 0.0433
4 0.6771 0.3783 0.0229 0.0567
4 0.6766 0.3758 0.0219 0.065
2 0.6521 0.5042 0.0271 0.0717
4 0.5891 0.43 0.0135 0.04
5 0.3563 0.3575 0.0146 0.0483
1 0.3068 0.4892 0.0448 0.0517
1 0.3141 0.4942 0.0385 0.0583
