6 0.6036 0.4242 0.0219 0.0617
1 0.1849 0.5475 0.074 0.1183
1 0.3036 0.5183 0.0448 0.0767
1 0.637 0.5267 0.0594 0.0967
1 0.0542 0.5604 0.1073 0.1992
1 0.638 0.525 0.0594 0.1133
1 0.688 0.5358 0.1094 0.1117
1 0.5312 0.5225 0.05 0.065
6 0.6047 0.4258 0.0156 0.0383
1 0.6052 0.525 0.0312 0.0633
6 0.3917 0.4 0.0083 0.0233
1 0.2672 0.5267 0.049 0.07
6 0.4875 0.4025 0.0104 0.0317
1 0.5854 0.5075 0.0542 0.0883
6 0.487 0.4017 0.0177 0.0433
1 0.2214 0.5342 0.0615 0.095
1 0.2276 0.5392 0.0406 0.065
1 0.4313 0.5125 0.0521 0.0783
6 0.4437 0.4042 0.0208 0.045
1 0.9349 0.6008 0.1292 0.2517
1 0.3729 0.5217 0.0479 0.0633
1 0.0953 0.5208 0.1302 0.195
1 0.2646 0.525 0.0583 0.08
1 0.4448 0.3992 0.0104 0.0283
1 0.374 0.5225 0.0396 0.045
1 0.5891 0.51 0.0469 0.07
1 0.3099 0.5217 0.0448 0.0567
1 0.6849 0.5358 0.101 0.0917
6 0.3917 0.4042 0.0187 0.0417
