2 0.9 0.5117 0.025 0.0867
1 0.3266 0.6575 0.3198 0.415
2 0.9234 0.4975 0.0156 0.055
1 0.1755 0.5392 0.051 0.055
2 0.5609 0.5167 0.0219 0.08
2 0.7245 0.5217 0.0198 0.0867
0 0.6271 0.5275 0.0333 0.0917
1 0.1193 0.5425 0.074 0.0783
7 0.2786 0.28 0.024 0.0667
1 0.9484 0.5175 0.0969 0.085
2 0.7021 0.525 0.0229 0.0867
6 0.3901 0.2858 0.024 0.075
2 0.5422 0.5242 0.0156 0.0717
2 0.5427 0.5217 0.0208 0.0733
2 0.687 0.5267 0.0219 0.0833
0 0.6552 0.5267 0.0333 0.09
2 0.4911 0.5267 0.024 0.07
2 0.575 0.5175 0.0167 0.0783
2 0.5911 0.515 0.026 0.0833
6 0.5635 0.4133 0.0271 0.0733
2 0.8318 0.5217 0.0385 0.1367
1 0.0594 0.6033 0.1187 0.3267
