2 0.0807 0.5383 0.024 0.08
1 0.5464 0.5083 0.049 0.0667
2 0.0117 0.5454 0.0224 0.0975
7 0.4484 0.3217 0.0198 0.0567
10 0.1734 0.5217 0.0823 0.0833
1 0.4651 0.5133 0.0281 0.04
0 0.0823 0.54 0.0167 0.0667
1 0.6229 0.505 0.0521 0.0367
2 0.2849 0.5133 0.024 0.0733
6 0.5188 0.325 0.0229 0.0667
7 0.0531 0.4383 0.0208 0.0533
1 0.2448 0.5158 0.0625 0.0583
6 0.6557 0.4092 0.0219 0.065
1 0.4005 0.5183 0.024 0.0333
10 0.3281 0.4817 0.1 0.1467
1 0.2474 0.5325 0.0573 0.0483
0 0.0849 0.54 0.0344 0.07
10 0.2385 0.5117 0.0563 0.0567
1 0.1719 0.525 0.0875 0.0733
