1 0.1599 0.5167 0.151 0.1233
6 0.7302 0.4017 0.0146 0.0433
6 0.7948 0.0758 0.0229 0.085
2 0.9599 0.4875 0.0302 0.155
2 0.8073 0.4742 0.0187 0.0583
1 0.4302 0.4875 0.0292 0.0383
2 0.9911 0.4817 0.0115 0.0833
6 0.7297 0.405 0.0135 0.0267
1 0.1766 0.4867 0.0656 0.06
2 0.8042 0.4767 0.025 0.09
0 0.9667 0.4825 0.025 0.1017
1 0.3297 0.5075 0.101 0.0783
1 0.525 0.4833 0.0396 0.05
3 0.5714 0.3583 0.0135 0.05
1 0.3406 0.5133 0.1042 0.0833
1 0.1703 0.51 0.1281 0.1467
3 0.5719 0.0283 0.0271 0.0567
6 0.6562 0.3517 0.0146 0.04
