4 0.5995 0.4283 0.0135 0.04
5 0.0677 0.4408 0.0146 0.0383
4 0.7203 0.3583 0.0281 0.0733
1 0.237 0.4983 0.0469 0.0533
4 0.7161 0.3592 0.0219 0.0817
4 0.4094 0.345 0.0125 0.0433
5 0.3365 0.3458 0.0187 0.045
2 0.6781 0.5075 0.0271 0.0717
4 0.4078 0.3508 0.0177 0.0417
1 0.3849 0.5 0.0427 0.0533
1 0.2953 0.4983 0.049 0.0567
5 0.3396 0.3392 0.0146 0.0483
1 0.4964 0.495 0.0302 0.0467
1 0.1724 0.4983 0.0573 0.0567
1 0.3203 0.4875 0.0323 0.045
1 0.4464 0.4917 0.0302 0.0433
1 0.2885 0.4975 0.0521 0.0583
1 0.4313 0.4975 0.0396 0.0517
4 0.5958 0.4283 0.0146 0.0333
