4 0.5687 0.4258 0.0187 0.045
4 0.5656 0.4333 0.0146 0.03
1 0.3073 0.4975 0.0292 0.0383
4 0.4615 0.3608 0.0146 0.0417
1 0.1151 0.5025 0.1094 0.1283
1 0.7156 0.5433 0.1667 0.18
4 0.4146 0.3583 0.0187 0.0267
1 0.3375 0.4925 0.0333 0.045
1 0.2036 0.5067 0.076 0.1033
4 0.7068 0.3792 0.026 0.0683
1 0.7198 0.5483 0.1854 0.2
4 0.4115 0.3567 0.0167 0.0433
3 0.3526 0.3542 0.0156 0.0417
4 0.4667 0.3742 0.0187 0.0383
1 0.1979 0.495 0.0771 0.08
1 0.5984 0.4854 0.0354 0.0408
1 0.1115 0.5017 0.1354 0.12
4 0.701 0.3875 0.0187 0.0417
1 0.3365 0.49 0.0375 0.05
