2 0.3193 0.5033 0.0198 0.0767
1 0.2432 0.51 0.0615 0.0533
2 0.0854 0.5342 0.0187 0.075
2 0.3641 0.515 0.0115 0.0667
2 0.3411 0.5042 0.0198 0.0783
1 0.3307 0.4608 0.0969 0.125
7 0.0594 0.4383 0.0271 0.06
2 0.1021 0.53 0.025 0.0733
2 0.2865 0.5167 0.0167 0.0767
6 0.5234 0.3242 0.0219 0.0683
2 0.0797 0.5333 0.024 0.08
0 0.0141 0.5492 0.0271 0.0783
1 0.688 0.545 0.3448 0.17
2 0.362 0.5075 0.0177 0.0683
7 0.0589 0.4242 0.0135 0.0417
6 0.6578 0.4075 0.0198 0.0617
10 0.3297 0.4717 0.0906 0.14
7 0.4531 0.3233 0.0208 0.0533
1 0.1745 0.5192 0.0781 0.075
2 0.3474 0.515 0.0156 0.0633
2 0.3026 0.5967 0.124 0.3733
1 0.9344 0.5346 0.1302 0.1308
1 0.8411 0.5167 0.1052 0.0767
