1 0.5635 0.5208 0.0333 0.0417
1 0.6057 0.5325 0.0865 0.0783
3 0.3302 0.3058 0.0167 0.0483
1 0.35 0.5825 0.2354 0.245
1 0.1724 0.5225 0.0427 0.035
1 0.0922 0.52 0.0823 0.0567
10 0.7536 0.4908 0.0865 0.0683
4 0.4146 0.44 0.0146 0.0333
3 0.262 0.3625 0.0198 0.055
1 0.4995 0.5208 0.0281 0.0483
1 0.4495 0.5067 0.026 0.05
3 0.8083 0.3533 0.0167 0.0433
1 0.4542 0.515 0.0271 0.0433
1 0.8786 0.5767 0.2406 0.2
1 0.2411 0.5167 0.0177 0.03
4 0.5 0.395 0.0187 0.0367
1 0.8865 0.825 0.2146 0.3267
1 0.7443 0.5333 0.0823 0.1
4 0.7776 0.4075 0.0177 0.0517
4 0.3776 0.4092 0.0115 0.025
3 0.0865 0.2675 0.0187 0.0683
