6 0.5073 0.4242 0.0125 0.0417
6 0.4156 0.3625 0.0104 0.0283
1 0.3776 0.4833 0.0323 0.04
1 0.6276 0.4642 0.0885 0.0417
1 0.3365 0.4942 0.0667 0.065
1 0.2286 0.4908 0.0802 0.0483
7 0.2229 0.43 0.0125 0.0367
2 0.6135 0.4842 0.0229 0.0917
7 0.3568 0.3733 0.0094 0.03
0 0.2792 0.4892 0.0396 0.0683
1 0.3828 0.4842 0.0385 0.0417
1 0.6307 0.4667 0.076 0.06
0 0.0786 0.5017 0.026 0.03
7 0.3604 0.365 0.0187 0.0433
0 0.2719 0.4883 0.0396 0.0633
6 0.5307 0.3717 0.0156 0.0433
6 0.4161 0.3625 0.0177 0.0417
7 0.2219 0.4333 0.0146 0.0333
1 0.2339 0.4983 0.074 0.0367
