1 0.0396 0.4858 0.0375 0.0417
1 0.5016 0.5167 0.1073 0.1367
1 0.1589 0.4783 0.0635 0.0733
6 0.5052 0.3067 0.0146 0.05
1 0.226 0.4758 0.0521 0.0583
6 0.7031 0.3933 0.0167 0.05
1 0.224 0.4767 0.0437 0.06
1 0.013 0.4717 0.026 0.0567
1 0.0865 0.4817 0.0604 0.0467
6 0.6115 0.3267 0.0187 0.0567
1 0.0427 0.4783 0.0375 0.0367
6 0.6115 0.3208 0.0187 0.055
1 0.0807 0.4842 0.0615 0.0583
1 0.1641 0.4717 0.0594 0.0567
7 0.4068 0.3008 0.0198 0.045
7 0.4068 0.3058 0.0198 0.0483
6 0.876 0.3083 0.0187 0.11
6 0.5047 0.3058 0.024 0.0583
6 0.6995 0.3925 0.0219 0.045
1 0.7135 0.4992 0.1771 0.175
1 0.1224 0.4758 0.0198 0.0483
6 0.8786 0.2925 0.0198 0.065
