10 0.1474 0.5083 0.1156 0.1233
10 0.5125 0.4758 0.1313 0.0917
1 0.2328 0.5508 0.1198 0.135
1 0.6068 0.5367 0.1156 0.2233
1 0.3906 0.5525 0.1042 0.1383
10 0.1568 0.5042 0.1094 0.1317
6 0.4599 0.3275 0.0156 0.0483
7 0.362 0.3025 0.0135 0.0517
1 0.8245 0.6158 0.3469 0.3517
1 0.3047 0.5467 0.0385 0.0567
1 0.6234 0.5342 0.174 0.2317
6 0.4589 0.325 0.0135 0.0467
6 0.8313 0.2725 0.0229 0.0783
6 0.5911 0.4058 0.0115 0.025
6 0.8323 0.2908 0.0229 0.1117
1 0.2984 0.5408 0.0552 0.065
6 0.5938 0.4092 0.0125 0.0283
