1 0.1214 0.5525 0.1594 0.1083
2 0.6141 0.5117 0.0219 0.1
2 0.5896 0.5117 0.0229 0.08
8 0.1099 0.3942 0.024 0.0717
1 0.8807 0.52 0.2323 0.1767
2 0.7995 0.5508 0.0365 0.265
2 0.563 0.5158 0.026 0.0917
2 0.5891 0.4958 0.0198 0.055
2 0.038 0.5458 0.0177 0.09
2 0.6234 0.5375 0.0198 0.0583
1 0.2906 0.535 0.1062 0.1367
2 0.6323 0.5158 0.0312 0.105
2 0.862 0.5383 0.049 0.29
2 0.6141 0.5142 0.024 0.0917
8 0.5094 0.3658 0.0229 0.0783
2 0.6349 0.5208 0.0281 0.105
2 0.8568 0.5275 0.0615 0.2783
1 0.4016 0.6 0.1948 0.23
2 0.8224 0.5367 0.0385 0.28
2 0.7276 0.5642 0.076 0.3717
