1 0.3568 0.515 0.049 0.0633
6 0.2359 0.4542 0.0177 0.0417
1 0.1068 0.54 0.0719 0.0633
1 0.3094 0.5133 0.0396 0.0567
4 0.5089 0.4483 0.0135 0.0333
1 0.0479 0.5308 0.0625 0.0417
1 0.0599 0.5058 0.049 0.0317
1 0.6625 0.475 0.0396 0.05
4 0.5333 0.4383 0.0125 0.03
1 0.6188 0.4825 0.0312 0.0283
1 0.1 0.5 0.0417 0.0333
1 0.0521 0.5258 0.0646 0.035
1 0.2073 0.5233 0.0479 0.0533
6 0.3828 0.3958 0.0135 0.035
1 0.3646 0.5083 0.0437 0.0367
4 0.4313 0.405 0.0187 0.03
1 0.0677 0.5133 0.0417 0.04
1 0.576 0.485 0.0563 0.0367
1 0.3115 0.5142 0.0312 0.0383
1 0.2536 0.545 0.1031 0.1
