1 0.5469 0.5108 0.0729 0.095
1 0.4896 0.5317 0.0708 0.0833
3 0.5151 0.4608 0.0135 0.035
1 0.2521 0.5325 0.0708 0.0517
6 0.3958 0.3975 0.0146 0.0383
1 0.45 0.5217 0.0458 0.0767
1 0.2495 0.5383 0.0698 0.0533
7 0.3328 0.3908 0.0177 0.035
7 0.3312 0.3908 0.0167 0.0417
1 0.624 0.5183 0.0396 0.0467
1 0.687 0.5433 0.124 0.1133
1 0.3781 0.5333 0.0479 0.0667
6 0.6656 0.4275 0.0187 0.0517
6 0.4469 0.4192 0.0146 0.0383
6 0.4474 0.41 0.0135 0.03
1 0.0615 0.5521 0.0917 0.0725
6 0.6687 0.4258 0.0208 0.0517
6 0.3948 0.4008 0.0167 0.0383
1 0.3766 0.5292 0.051 0.0617
1 0.1536 0.525 0.024 0.04
1 0.5474 0.5167 0.0531 0.09
