2 0.1682 0.5183 0.0115 0.0667
2 0.0833 0.5408 0.0156 0.0733
1 0.9047 0.5192 0.1896 0.1967
1 0.1719 0.525 0.0875 0.0733
0 0.125 0.5383 0.0417 0.0833
1 0.2437 0.5342 0.0583 0.045
2 0.2849 0.5133 0.024 0.0733
6 0.6568 0.4075 0.0198 0.0617
2 0.1633 0.5354 0.0203 0.0742
1 0.2448 0.5158 0.0625 0.0583
7 0.0563 0.4358 0.0167 0.0483
7 0.449 0.32 0.0208 0.0533
2 0.2034 0.5279 0.0203 0.0775
2 0.0469 0.5421 0.0156 0.0708
6 0.5203 0.3242 0.0219 0.0683
10 0.3302 0.48 0.0979 0.1433
1 0.5953 0.5258 0.1094 0.0783
2 0.1042 0.5383 0.0187 0.0733
