7 0.1417 0.485 0.0125 0.04
1 0.6354 0.5042 0.05 0.0383
4 0.4849 0.4617 0.0115 0.03
1 0.1849 0.5492 0.051 0.0417
7 0.3068 0.41 0.0135 0.0367
4 0.3745 0.4025 0.0115 0.035
1 0.1896 0.5483 0.0396 0.04
1 0.2531 0.5446 0.0646 0.0775
1 0.0917 0.5542 0.0437 0.0317
1 0.5854 0.5142 0.0813 0.045
1 0.4286 0.5425 0.0531 0.0683
4 0.4865 0.4683 0.0104 0.0333
10 0.1214 0.5417 0.0427 0.0333
4 0.3734 0.4033 0.0094 0.0367
7 0.3057 0.4092 0.0115 0.035
1 0.0557 0.5583 0.0719 0.03
1 0.3203 0.5317 0.0177 0.02
1 0.3453 0.5267 0.0156 0.02
1 0.3734 0.5283 0.0427 0.0533
1 0.0906 0.555 0.0437 0.0367
1 0.0641 0.5717 0.0594 0.04
1 0.1219 0.5475 0.0437 0.0517
7 0.1406 0.4825 0.0125 0.035
1 0.3964 0.52 0.026 0.0333
