1 0.6385 0.4833 0.0542 0.05
4 0.6677 0.3075 0.0354 0.0783
4 0.4344 0.2917 0.0312 0.04
1 0.349 0.4892 0.0292 0.0417
4 0.6677 0.33 0.0354 0.05
4 0.4359 0.2742 0.0177 0.0683
1 0.5271 0.4825 0.0312 0.0383
1 0.2521 0.505 0.0542 0.05
4 0.6156 0.3842 0.0229 0.055
1 0.1146 0.5783 0.2292 0.3267
4 0.3484 0.2717 0.0281 0.0433
1 0.2057 0.4992 0.0677 0.0783
2 0.5615 0.4842 0.0167 0.0417
1 0.2526 0.4975 0.0531 0.0583
4 0.6151 0.4 0.0302 0.0433
1 0.6411 0.4858 0.0531 0.0583
1 0.2083 0.5008 0.0479 0.0683
1 0.8422 0.4742 0.1844 0.125
7 0.2411 0.2567 0.0219 0.0767
4 0.3505 0.2492 0.024 0.0683
