2 0.851 0.4975 0.0292 0.1483
2 0.9375 0.49 0.0312 0.1833
2 0.5995 0.4958 0.0177 0.105
2 0.8802 0.49 0.0312 0.1633
2 0.6 0.4975 0.0208 0.095
2 0.8328 0.4975 0.024 0.145
2 0.5823 0.5067 0.0167 0.1033
1 0.1229 0.5533 0.0792 0.1033
2 0.9161 0.4817 0.0198 0.1333
2 0.0693 0.5458 0.0219 0.085
2 0.6177 0.4975 0.0208 0.1117
2 0.0672 0.5442 0.0177 0.0817
1 0.4344 0.5208 0.0542 0.065
3 0.5813 0.3083 0.0292 0.0933
2 0.8438 0.4717 0.025 0.1367
2 0.488 0.5242 0.0198 0.115
2 0.5771 0.4992 0.0229 0.095
2 0.9354 0.4808 0.025 0.145
2 0.8339 0.49 0.0177 0.1467
2 0.5161 0.515 0.0177 0.1267
2 0.8349 0.4925 0.024 0.1517
1 0.2818 0.5292 0.0219 0.0483
1 0.4016 0.5133 0.0177 0.0433
2 0.9177 0.48 0.0167 0.1533
1 0.2276 0.5492 0.0802 0.1183
2 0.4901 0.5133 0.024 0.1067
2 0.9266 0.4858 0.0156 0.1517
