6 0.55 0.3483 0.0125 0.0367
1 0.4625 0.4775 0.0333 0.045
6 0.5016 0.3475 0.0115 0.0317
6 0.4995 0.3458 0.0135 0.0317
1 0.4328 0.4733 0.0198 0.03
6 0.6927 0.4042 0.0167 0.0417
6 0.5984 0.3458 0.0177 0.0283
1 0.1432 0.48 0.099 0.06
1 0.9365 0.4625 0.0854 0.065
6 0.6927 0.4017 0.0146 0.0267
1 0.4026 0.4725 0.0344 0.0417
7 0.2984 0.41 0.0156 0.0433
0 0.3724 0.4738 0.0083 0.0375
6 0.7609 0.3783 0.0156 0.0467
1 0.799 0.4742 0.0792 0.045
6 0.7573 0.3742 0.0167 0.0383
6 0.5979 0.3567 0.0146 0.04
6 0.5495 0.3425 0.0156 0.0283
