1 0.0542 0.4483 0.0437 0.0833
1 0.7396 0.4917 0.0292 0.0467
6 0.426 0.4217 0.0125 0.0233
1 0.8109 0.4992 0.0656 0.0717
8 0.499 0.3983 0.0104 0.03
1 0.6312 0.4842 0.05 0.0517
1 0.5094 0.4933 0.0792 0.14
1 0.1938 0.4442 0.0542 0.0517
1 0.1557 0.465 0.0698 0.06
1 0.9245 0.5117 0.0573 0.0567
1 0.0917 0.4433 0.0479 0.09
1 0.8708 0.5017 0.0521 0.0633
1 0.8089 0.4983 0.0635 0.07
1 0.0224 0.4383 0.0448 0.0867
1 0.2745 0.4508 0.0615 0.0583
1 0.6979 0.5067 0.0833 0.0867
1 0.1443 0.4642 0.0802 0.0883
1 0.2687 0.4533 0.0604 0.0633
