1 0.1161 0.5592 0.0865 0.0883
10 0.2333 0.5117 0.0813 0.12
1 0.0563 0.5625 0.0542 0.0817
2 0.6937 0.5467 0.0312 0.1067
0 0.7552 0.5475 0.0417 0.1483
1 0.4042 0.5658 0.1104 0.1383
3 0.3797 0.2692 0.024 0.075
2 0.6807 0.5442 0.0135 0.105
3 0.2484 0.2567 0.024 0.0733
1 0.1948 0.5592 0.0813 0.075
3 0.5781 0.415 0.0271 0.08
2 0.4792 0.5458 0.0167 0.055
0 0.7521 0.5425 0.0354 0.135
2 0.7698 0.5492 0.0208 0.1217
2 0.6646 0.5433 0.0271 0.1067
1 0.3016 0.5525 0.0802 0.105
2 0.7958 0.5433 0.0312 0.1367
2 0.9182 0.5183 0.0281 0.07
5 0.2505 0.2592 0.0198 0.075
2 0.4802 0.5383 0.0229 0.0767
4 0.3786 0.2633 0.026 0.0733
2 0.6385 0.5483 0.025 0.1033
