6 0.9292 0.2567 0.05 0.1533
2 0.9445 0.5479 0.0214 0.1142
1 0.4568 0.5275 0.0469 0.0617
1 0.4589 0.5208 0.049 0.0783
3 0.3172 0.3283 0.0177 0.0533
10 0.8151 0.48 0.1177 0.12
10 0.0839 0.4883 0.1115 0.0867
6 0.4141 0.3258 0.0198 0.0483
1 0.5755 0.535 0.1385 0.1133
1 0.0224 0.5767 0.0344 0.1833
1 0.6901 0.5625 0.149 0.1717
6 0.6792 0.4167 0.0167 0.0467
1 0.0885 0.5808 0.1292 0.1783
1 0.8781 0.4817 0.2333 0.1633
6 0.4917 0.3258 0.0187 0.055
1 0.2844 0.5908 0.3292 0.4217
1 0.8885 0.5242 0.1458 0.0817
