2 0.5427 0.5138 0.0396 0.1108
2 0.0557 0.5383 0.0302 0.1
2 0.2859 0.5683 0.0385 0.32
2 0.412 0.5742 0.0531 0.3183
2 0.8313 0.5433 0.0542 0.2767
2 0.8302 0.5458 0.0604 0.2883
2 0.2026 0.5767 0.0427 0.3267
6 0.575 0.3533 0.0229 0.07
1 0.3526 0.5017 0.0406 0.0567
2 0.276 0.5617 0.0813 0.3333
6 0.0948 0.3758 0.0271 0.0817
2 0.4943 0.5533 0.0427 0.3567
2 0.8724 0.5425 0.0594 0.295
2 0.0703 0.5392 0.0219 0.095
2 0.4786 0.5467 0.0615 0.25
2 0.1531 0.5733 0.0292 0.3167
2 0.4651 0.5475 0.0281 0.2517
1 0.8281 0.5 0.2375 0.14
