1 0.1229 0.5533 0.0792 0.1033
2 0.5255 0.5025 0.0156 0.0783
2 0.2839 0.5333 0.026 0.1267
2 0.0875 0.5217 0.0187 0.0533
2 0.4339 0.5208 0.026 0.135
2 0.2255 0.5317 0.0198 0.1533
1 0.4344 0.5208 0.0542 0.065
1 0.2276 0.5492 0.0802 0.1183
2 0.2823 0.535 0.0208 0.1233
3 0.5818 0.3075 0.0281 0.0917
2 0.5229 0.5108 0.0229 0.095
2 0.9812 0.4692 0.0167 0.135
2 0.9198 0.4833 0.0333 0.1433
2 0.3911 0.525 0.0365 0.1467
2 0.2021 0.5375 0.0271 0.145
2 0.3333 0.5333 0.0271 0.13
2 0.9521 0.4858 0.0292 0.1583
2 0.8885 0.4825 0.0354 0.1383
2 0.2094 0.5442 0.0167 0.1317
2 0.2781 0.5367 0.0292 0.13
