4 0.4406 0.3692 0.0146 0.0417
1 0.687 0.5358 0.1052 0.1283
1 0.3052 0.4933 0.0583 0.05
1 0.4161 0.4867 0.0385 0.05
1 0.6516 0.5092 0.1094 0.135
1 0.6719 0.5275 0.0771 0.145
4 0.5776 0.4358 0.0115 0.0283
4 0.5755 0.4375 0.0198 0.0483
1 0.4911 0.4833 0.0323 0.0467
1 0.1187 0.4992 0.0646 0.0517
1 0.9198 0.6317 0.1583 0.3933
4 0.6807 0.3783 0.0198 0.0567
1 0.4146 0.4867 0.0354 0.0433
10 0.4383 0.4721 0.0339 0.0458
4 0.4401 0.375 0.0135 0.0233
4 0.487 0.3867 0.0115 0.0267
4 0.6818 0.3892 0.0177 0.0317
3 0.3812 0.3542 0.0146 0.025
1 0.537 0.4817 0.0344 0.0367
1 0.4604 0.4808 0.026 0.0283
6 0.2839 0.4442 0.0198 0.045
1 0.301 0.4967 0.0646 0.0667
1 0.6161 0.5058 0.0594 0.1417
4 0.488 0.3708 0.0177 0.0417
1 0.7729 0.5408 0.1479 0.285
