1 0.1693 0.5208 0.0552 0.0883
6 0.3969 0.4717 0.0167 0.02
1 0.4542 0.525 0.0563 0.0967
1 0.1698 0.5175 0.0542 0.075
1 0.849 0.6 0.2979 0.2967
1 0.5714 0.5342 0.0448 0.0917
1 0.1156 0.5425 0.0479 0.065
1 0.1094 0.5333 0.0479 0.0533
2 0.7411 0.5192 0.024 0.0883
2 0.7109 0.5208 0.0323 0.1183
1 0.6339 0.5375 0.1302 0.135
1 0.0536 0.5567 0.074 0.0567
1 0.0604 0.5525 0.0708 0.0583
1 0.5479 0.5383 0.0333 0.0733
6 0.5016 0.4675 0.0135 0.0283
1 0.637 0.5408 0.1302 0.145
2 0.763 0.5075 0.0344 0.125
1 0.4005 0.5408 0.1156 0.165
