2 0.5599 0.5283 0.0135 0.0767
4 0.4062 0.4125 0.0104 0.0317
1 0.4156 0.55 0.0729 0.0967
2 0.549 0.5317 0.0125 0.0667
1 0.8766 0.5125 0.076 0.065
1 0.2807 0.5592 0.1135 0.125
4 0.5068 0.465 0.0094 0.0333
4 0.4958 0.4767 0.0125 0.03
2 0.5479 0.5342 0.0146 0.065
2 0.562 0.5317 0.0115 0.0667
4 0.5068 0.4642 0.0094 0.035
2 0.5312 0.5375 0.0125 0.065
4 0.4469 0.4267 0.0104 0.0267
2 0.5339 0.5325 0.0094 0.065
2 0.5219 0.5358 0.0104 0.065
2 0.5229 0.535 0.0125 0.0633
4 0.4474 0.4267 0.0094 0.0233
4 0.401 0.4175 0.0104 0.025
