1 0.8729 0.5783 0.2458 0.4
7 0.6104 0.2158 0.0167 0.0517
1 0.276 0.5192 0.0563 0.035
6 0.7005 0.3933 0.0156 0.04
6 0.7427 0.25 0.0187 0.0567
1 0.1891 0.52 0.1385 0.1333
1 0.7401 0.54 0.1302 0.1633
6 0.7438 0.2475 0.0167 0.0417
6 0.4083 0.4292 0.0208 0.075
1 0.4813 0.51 0.0646 0.06
1 0.6823 0.4917 0.0375 0.0467
1 0.5568 0.5067 0.026 0.0467
6 0.7573 0.4292 0.0104 0.0283
1 0.3656 0.5183 0.0563 0.0767
1 0.5969 0.5033 0.0333 0.0433
6 0.9057 0.3675 0.0156 0.0417
6 0.6297 0.3967 0.0156 0.0467
7 0.6094 0.21 0.0146 0.0467
6 0.6979 0.385 0.0146 0.04
6 0.4062 0.43 0.0271 0.0833
1 0.3583 0.515 0.0458 0.0767
6 0.7562 0.4367 0.0167 0.04
1 0.5938 0.4967 0.0354 0.0367
1 0.1885 0.5158 0.1292 0.1283
2 0.9922 0.5108 0.0135 0.0783
6 0.6339 0.3975 0.0156 0.0383
1 0.2823 0.5142 0.0604 0.0483
6 0.9073 0.3758 0.0187 0.0517
1 0.7167 0.5308 0.0875 0.155
