2 0.1891 0.5283 0.024 0.1033
2 0.4375 0.5233 0.0177 0.0467
1 0.6167 0.5042 0.1 0.075
2 0.5156 0.55 0.0292 0.1167
2 0.2516 0.5533 0.0219 0.13
1 0.6865 0.4967 0.0521 0.0767
1 0.3714 0.5225 0.1115 0.0683
1 0.6604 0.5008 0.1042 0.0783
2 0.9276 0.5925 0.0531 0.4583
1 0.2547 0.5467 0.024 0.12
2 0.563 0.5342 0.0344 0.1417
0 0.2885 0.5225 0.0271 0.0717
2 0.1625 0.5317 0.0292 0.0967
2 0.188 0.53 0.024 0.0967
1 0.3682 0.5217 0.1094 0.06
1 0.5589 0.5125 0.1427 0.0917
2 0.2375 0.5583 0.0396 0.1333
2 0.4719 0.5175 0.0156 0.06
