1 0.2836 0.5367 0.038 0.0517
2 0.2036 0.5392 0.0302 0.1283
1 0.5052 0.525 0.0563 0.0933
2 0.0885 0.5275 0.0125 0.055
1 0.2411 0.54 0.0646 0.0633
2 0.437 0.5167 0.0115 0.0367
2 0.6839 0.5092 0.0281 0.1117
2 0.6885 0.5 0.05 0.1333
1 0.181 0.5567 0.0818 0.09
1 0.3039 0.5279 0.037 0.0458
1 0.924 0.5217 0.1479 0.1233
3 0.5203 0.3233 0.0344 0.1
2 0.6635 0.5117 0.0437 0.1133
2 0.5885 0.52 0.0375 0.0933
2 0.8599 0.48 0.0344 0.1467
2 0.6339 0.5025 0.0281 0.1183
2 0.6578 0.5142 0.024 0.095
3 0.0161 0.3583 0.0302 0.0967
