1 0.2625 0.4983 0.0229 0.0767
1 0.4734 0.4967 0.0365 0.0367
2 0.8641 0.4825 0.024 0.055
6 0.8016 0.0717 0.024 0.09
0 0.9656 0.4925 0.0312 0.1017
6 0.6526 0.355 0.0156 0.04
6 0.726 0.4083 0.0146 0.0433
1 0.1823 0.5158 0.1542 0.095
1 0.0922 0.4858 0.0323 0.025
3 0.5703 0.0283 0.026 0.0567
2 0.9911 0.4817 0.0115 0.0833
1 0.4125 0.4967 0.0604 0.06
3 0.5656 0.3608 0.0125 0.0517
6 0.7297 0.4083 0.0135 0.0267
1 0.2427 0.5017 0.0521 0.0967
2 0.9729 0.4942 0.0292 0.125
2 0.8651 0.475 0.0198 0.07
1 0.0906 0.515 0.0271 0.0267
1 0.4714 0.4958 0.0344 0.045
