1 0.349 0.5117 0.0229 0.05
10 0.6474 0.505 0.076 0.1033
1 0.5474 0.5233 0.0573 0.0567
1 0.987 0.6267 0.0198 0.16
1 0.2318 0.5158 0.024 0.0317
1 0.549 0.5217 0.0563 0.0667
1 0.4698 0.51 0.0333 0.0467
4 0.6896 0.425 0.0125 0.0433
4 0.4188 0.44 0.0146 0.0333
1 0.299 0.5117 0.0187 0.02
3 0.3568 0.3583 0.0177 0.04
1 0.5885 0.5133 0.0292 0.0367
1 0.4026 0.5383 0.1115 0.1267
3 0.1776 0.3283 0.0198 0.0533
1 0.3141 0.5192 0.051 0.0683
4 0.3896 0.4192 0.0083 0.0217
1 0.3161 0.5225 0.0635 0.085
10 0.6411 0.5042 0.0677 0.095
1 0.4672 0.5025 0.0323 0.055
1 0.2562 0.51 0.0604 0.0533
3 0.3089 0.3942 0.0094 0.035
4 0.4906 0.415 0.0187 0.0367
1 0.876 0.5483 0.1708 0.1233
1 0.8823 0.5483 0.1688 0.1233
