1 0.5755 0.5283 0.0781 0.0767
6 0.6792 0.4208 0.0187 0.055
3 0.3161 0.3292 0.0198 0.0617
1 0.5771 0.5292 0.0917 0.0817
1 0.2865 0.59 0.3187 0.41
1 0.6323 0.5433 0.0458 0.1167
10 0.0646 0.5042 0.1292 0.1217
1 0.0974 0.5783 0.1281 0.1733
10 0.5255 0.5025 0.0365 0.0617
6 0.9313 0.2567 0.0583 0.1633
1 0.7854 0.5317 0.1042 0.1333
1 0.7979 0.6325 0.375 0.365
2 0.9609 0.5233 0.026 0.0667
6 0.4135 0.3267 0.0229 0.0533
6 0.4917 0.3292 0.0229 0.065
1 0.9422 0.52 0.0802 0.06
1 0.5234 0.5092 0.0594 0.075
6 0.4156 0.3358 0.0167 0.055
6 0.4927 0.3283 0.0167 0.0467
10 0.0484 0.5075 0.0969 0.1117
