7 0.2797 0.28 0.024 0.0667
2 0.9484 0.5267 0.0385 0.17
2 0.8109 0.5158 0.0281 0.0883
2 0.5339 0.5175 0.026 0.0783
2 0.5766 0.5158 0.0323 0.085
0 0.6557 0.5258 0.0323 0.0883
6 0.3911 0.2858 0.024 0.075
2 0.7245 0.5217 0.0198 0.0867
1 0.1211 0.5467 0.0693 0.0733
2 0.5505 0.5167 0.0198 0.08
2 0.7031 0.5233 0.0208 0.0867
2 0.8422 0.5225 0.0344 0.085
1 0.1781 0.5383 0.05 0.06
2 0.4995 0.5283 0.024 0.07
2 0.687 0.5292 0.0219 0.0783
2 0.8438 0.5242 0.0271 0.0783
6 0.5635 0.4125 0.0271 0.0717
1 0.3281 0.6542 0.325 0.4217
2 0.8349 0.5192 0.0177 0.075
0 0.6307 0.5258 0.0323 0.0883
2 0.8313 0.515 0.0167 0.07
