2 0.687 0.5283 0.0219 0.08
6 0.3901 0.2858 0.024 0.075
6 0.5635 0.4133 0.0271 0.0733
2 0.8812 0.5225 0.0208 0.0817
2 0.8797 0.5167 0.0177 0.0767
2 0.9026 0.5225 0.0365 0.1517
2 0.587 0.515 0.026 0.0833
0 0.6292 0.5275 0.0333 0.0917
1 0.9625 0.5242 0.0688 0.085
2 0.7026 0.525 0.0219 0.0867
2 0.5406 0.5192 0.0208 0.075
1 0.1771 0.5392 0.05 0.0583
1 0.1211 0.5433 0.0693 0.075
2 0.7245 0.5217 0.0198 0.0867
2 0.4964 0.5267 0.024 0.07
1 0.326 0.6542 0.3229 0.415
7 0.2797 0.28 0.024 0.0667
0 0.6557 0.5258 0.0323 0.0883
