7 0.1724 0.4808 0.0115 0.0317
4 0.4859 0.4617 0.0115 0.03
7 0.3255 0.4167 0.0135 0.0367
10 0.1521 0.535 0.0375 0.0333
1 0.5766 0.51 0.074 0.0433
1 0.2375 0.5358 0.0375 0.0317
1 0.1255 0.545 0.0427 0.03
1 0.4359 0.5342 0.0531 0.0683
1 0.2417 0.5433 0.0396 0.04
1 0.0305 0.5713 0.0599 0.0425
1 0.3755 0.5283 0.0427 0.0533
4 0.3828 0.4075 0.0135 0.035
1 0.3995 0.5167 0.026 0.0333
1 0.1005 0.5525 0.051 0.0317
1 0.3365 0.5233 0.0146 0.0167
7 0.1729 0.4867 0.0125 0.04
1 0.2865 0.5333 0.0542 0.0667
4 0.3839 0.405 0.0094 0.03
1 0.9346 0.4854 0.0859 0.0692
4 0.4854 0.4683 0.0104 0.0333
7 0.3214 0.4125 0.0115 0.035
