1 0.4734 0.5075 0.0344 0.0483
1 0.9792 0.4825 0.0375 0.0483
1 0.45 0.5083 0.0208 0.0467
1 0.1146 0.5067 0.0479 0.0433
1 0.8198 0.4883 0.0625 0.04
1 0.9177 0.485 0.0833 0.0633
1 0.5411 0.4867 0.0281 0.0367
1 0.1016 0.5042 0.0698 0.065
1 0.8458 0.4892 0.0583 0.055
3 0.0609 0.0725 0.101 0.145
1 0.9214 0.4867 0.1031 0.0567
1 0.0635 0.5325 0.0688 0.105
6 0.5646 0.3642 0.0167 0.0483
3 0.5708 0.0258 0.0271 0.0517
6 0.801 0.0808 0.0292 0.115
1 0.862 0.4892 0.0719 0.055
6 0.7281 0.4125 0.0187 0.055
6 0.6516 0.3608 0.0135 0.0517
