10 0.1734 0.5217 0.0823 0.0833
0 0.0406 0.5442 0.0312 0.0717
2 0.0271 0.5467 0.0167 0.08
1 0.4141 0.52 0.024 0.0333
1 0.2448 0.5158 0.0625 0.0583
10 0.3281 0.4817 0.1 0.1467
2 0.9862 0.6308 0.0266 0.4017
1 0.2474 0.5325 0.0573 0.0483
0 0.0823 0.5375 0.0104 0.0683
6 0.6557 0.4083 0.0219 0.0633
2 0.0807 0.5383 0.024 0.08
0 0.0323 0.54 0.0479 0.08
2 0.2849 0.5133 0.024 0.0733
10 0.2396 0.5117 0.0563 0.0567
0 0.0948 0.5383 0.0167 0.0667
0 0.0958 0.5392 0.025 0.0683
7 0.4484 0.3217 0.0198 0.0567
1 0.4651 0.5133 0.0281 0.04
2 0.0417 0.5367 0.0146 0.0767
6 0.5188 0.325 0.0229 0.0667
1 0.5651 0.5075 0.0885 0.0917
7 0.0536 0.4375 0.0198 0.0517
1 0.1719 0.525 0.0875 0.0733
