2 0.5224 0.5008 0.0156 0.0783
2 0.9922 0.4658 0.0135 0.1383
1 0.2276 0.5492 0.0802 0.1183
2 0.8948 0.4808 0.0354 0.1383
1 0.1229 0.5533 0.0792 0.1033
2 0.387 0.5275 0.026 0.135
2 0.9656 0.4808 0.0292 0.1583
2 0.1719 0.5475 0.0167 0.1317
2 0.5224 0.51 0.0177 0.0933
2 0.4318 0.5217 0.0365 0.1467
1 0.4344 0.5208 0.0542 0.065
2 0.3094 0.5375 0.025 0.125
2 0.3094 0.5367 0.0292 0.13
2 0.963 0.4767 0.0219 0.14
2 0.8953 0.4783 0.026 0.1433
2 0.3667 0.5308 0.0271 0.1317
2 0.1844 0.54 0.0229 0.1567
2 0.3141 0.5367 0.026 0.1267
3 0.5818 0.3075 0.0281 0.0917
2 0.1682 0.5483 0.024 0.1467
2 0.9344 0.4817 0.0333 0.1433
