1 0.5099 0.525 0.0531 0.08
1 0.2792 0.5458 0.0229 0.055
2 0.1599 0.5825 0.0323 0.2083
2 0.0599 0.5958 0.0281 0.17
2 0.3573 0.57 0.0312 0.22
2 0.1823 0.5775 0.0271 0.205
6 0.1729 0.4183 0.0208 0.0667
2 0.324 0.5625 0.0208 0.185
2 0.6385 0.5433 0.0333 0.17
1 0.3948 0.5167 0.0333 0.0467
2 0.5708 0.5558 0.0333 0.2083
2 0.2995 0.575 0.0365 0.2
1 0.5089 0.5317 0.0427 0.0667
1 0.8698 0.6933 0.2562 0.52
2 0.2182 0.6025 0.0094 0.1383
2 0.6385 0.5475 0.05 0.1783
2 0.0813 0.5867 0.0448 0.1633
2 0.6 0.5533 0.0521 0.1967
2 0.8661 0.455 0.026 0.0767
2 0.2094 0.5742 0.025 0.1717
2 0.2437 0.5625 0.025 0.195
2 0.475 0.5325 0.0292 0.095
6 0.5745 0.3958 0.0198 0.0617
2 0.5776 0.5517 0.026 0.19
2 0.2437 0.5675 0.0375 0.2183
