6 0.176 0.46 0.0146 0.03
1 0.4078 0.5133 0.0406 0.07
1 0.6057 0.535 0.0615 0.12
6 0.0677 0.4017 0.0187 0.0367
1 0.212 0.5008 0.0531 0.0517
1 0.549 0.5325 0.0688 0.085
1 0.3229 0.5017 0.0292 0.0567
6 0.1156 0.4083 0.0187 0.0333
1 0.2651 0.5025 0.049 0.0483
1 0.1776 0.5 0.0448 0.05
1 0.2198 0.5075 0.0479 0.0517
1 0.5432 0.5267 0.0844 0.0833
1 0.1802 0.5 0.0396 0.0533
1 0.2682 0.505 0.0427 0.0533
1 0.4885 0.5208 0.0479 0.0783
1 0.45 0.5117 0.0521 0.07
1 0.2984 0.505 0.0281 0.0433
1 0.3677 0.5058 0.0646 0.085
1 0.4875 0.5217 0.0604 0.0767
1 0.4443 0.5125 0.0469 0.085
1 0.7271 0.5383 0.1833 0.16
