1 0.5297 0.5433 0.0615 0.0867
1 0.2141 0.5367 0.0302 0.0367
4 0.9878 0.3767 0.0234 0.08
1 0.1453 0.54 0.0469 0.0433
1 0.2703 0.5363 0.0333 0.0342
1 0.3974 0.6 0.1719 0.2267
10 0.0734 0.5317 0.0656 0.05
3 0.4406 0.4433 0.0146 0.04
1 0.2068 0.5483 0.0885 0.0567
4 0.5396 0.3925 0.0104 0.0383
1 0.9396 0.5517 0.1083 0.0667
1 0.587 0.5575 0.0802 0.1283
3 0.3958 0.4067 0.0125 0.0367
3 0.2141 0.3083 0.0281 0.0867
1 0.7464 0.5767 0.2802 0.3233
4 0.3979 0.4117 0.0167 0.0433
3 0.9651 0.3225 0.0198 0.0417
4 0.4385 0.4358 0.0167 0.0317
3 0.3109 0.2283 0.0219 0.0867
1 0.4948 0.5358 0.0354 0.0683
4 0.5391 0.3942 0.0177 0.045
1 0.3198 0.5325 0.0292 0.0417
