1 0.0305 0.5283 0.0599 0.1233
1 0.5719 0.5108 0.0229 0.0783
1 0.6542 0.5267 0.0792 0.19
6 0.4083 0.3683 0.0146 0.0233
6 0.2417 0.445 0.0125 0.03
4 0.6052 0.4083 0.0146 0.0467
1 0.4359 0.4892 0.0448 0.0583
1 0.3786 0.4925 0.0344 0.055
4 0.6052 0.425 0.0125 0.0267
4 0.5583 0.4383 0.0146 0.0233
7 0.2427 0.4483 0.0146 0.05
4 0.4635 0.38 0.0146 0.0267
1 0.2875 0.4967 0.0312 0.0433
4 0.5604 0.4333 0.0229 0.0433
1 0.6073 0.5125 0.0771 0.0883
1 0.1396 0.5117 0.0896 0.0667
7 0.4073 0.3725 0.0187 0.0517
1 0.6844 0.5167 0.1333 0.16
1 0.3786 0.4967 0.0469 0.0633
4 0.463 0.3783 0.0198 0.04
1 0.8125 0.5787 0.2417 0.2308
1 0.601 0.5133 0.0479 0.1033
