1 0.2349 0.5175 0.0302 0.0683
1 0.8865 0.5717 0.225 0.23
1 0.1964 0.5367 0.049 0.0733
10 0.2792 0.4933 0.0271 0.1133
10 0.2729 0.4975 0.0312 0.105
1 0.6021 0.5192 0.0563 0.1083
1 0.6406 0.5942 0.1187 0.1317
1 0.7521 0.5642 0.1229 0.2017
1 0.2594 0.5208 0.025 0.0683
1 0.0318 0.5687 0.0625 0.1608
1 0.0708 0.5017 0.1354 0.0833
1 0.1615 0.5383 0.0479 0.11
1 0.2271 0.515 0.0396 0.0567
10 0.4052 0.4692 0.075 0.1617
1 0.0969 0.5692 0.0688 0.095
1 0.6635 0.5175 0.1187 0.085
1 0.0943 0.5758 0.0677 0.115
1 0.1036 0.5125 0.0594 0.075
1 0.4953 0.5142 0.0677 0.0617
1 0.8896 0.6733 0.2198 0.2983
1 0.2552 0.5175 0.0292 0.0617
1 0.2026 0.5358 0.0427 0.0583
1 0.4885 0.5125 0.0604 0.0717
1 0.1536 0.53 0.0615 0.1067
1 0.5521 0.5175 0.0646 0.1017
