0 0.5672 0.4975 0.024 0.0783
4 0.6474 0.345 0.0219 0.06
1 0.2693 0.4975 0.0344 0.0317
4 0.3495 0.3133 0.0177 0.0433
0 0.5651 0.495 0.024 0.0933
4 0.4151 0.3208 0.0177 0.045
1 0.6474 0.485 0.049 0.0467
1 0.0755 0.4842 0.151 0.155
4 0.588 0.4083 0.0177 0.0367
7 0.262 0.32 0.0198 0.0433
1 0.4818 0.5 0.0677 0.0933
1 0.7589 0.4883 0.0927 0.0667
1 0.3937 0.5025 0.0354 0.105
4 0.4172 0.3192 0.0135 0.0483
1 0.4 0.5 0.0396 0.0733
1 0.0719 0.4792 0.1437 0.155
7 0.2661 0.3225 0.0219 0.055
4 0.3484 0.3158 0.0198 0.045
4 0.6458 0.3492 0.0187 0.065
1 0.3323 0.4917 0.1104 0.1267
