1 0.1401 0.4675 0.0198 0.0483
7 0.413 0.3125 0.0198 0.045
1 0.0656 0.4733 0.0375 0.0367
6 0.6073 0.3233 0.0187 0.0467
6 0.5062 0.31 0.0167 0.05
1 0.0615 0.4742 0.0375 0.0417
6 0.6901 0.3942 0.0219 0.045
1 0.4979 0.51 0.1 0.1267
6 0.412 0.3125 0.0198 0.0483
6 0.8401 0.3125 0.0198 0.075
1 0.6875 0.4917 0.1458 0.1533
6 0.8453 0.3075 0.0198 0.065
6 0.6896 0.3917 0.0167 0.05
1 0.0323 0.4717 0.0312 0.0567
1 0.1026 0.4767 0.051 0.04
1 0.1786 0.4708 0.0552 0.0583
1 0.1781 0.4675 0.0583 0.0683
1 0.1026 0.475 0.0552 0.0533
1 0.2354 0.4683 0.0458 0.0533
1 0.2375 0.4683 0.0375 0.0433
6 0.6052 0.3258 0.0146 0.045
1 0.0245 0.4683 0.0385 0.0533
6 0.5036 0.3108 0.024 0.045
