6 0.4609 0.3917 0.0177 0.0467
1 0.7198 0.4842 0.1208 0.075
6 0.4594 0.3908 0.0104 0.0317
2 0.6984 0.5025 0.0156 0.0517
1 0.3677 0.535 0.0229 0.0867
1 0.4292 0.5292 0.075 0.1083
10 0.3031 0.4992 0.1104 0.1783
2 0.7167 0.4958 0.0146 0.045
2 0.6859 0.505 0.0135 0.0533
2 0.7021 0.5092 0.0104 0.0617
3 0.3964 0.3942 0.0156 0.0417
1 0.7224 0.4792 0.1052 0.0783
1 0.4891 0.5075 0.0302 0.0517
10 0.5443 0.4775 0.1031 0.185
2 0.7146 0.5 0.0125 0.0567
1 0.6151 0.5508 0.1281 0.1383
1 0.2448 0.5692 0.1208 0.1317
2 0.687 0.505 0.0156 0.0633
