6 0.8016 0.07 0.024 0.09
1 0.388 0.5017 0.0531 0.0733
1 0.1766 0.4958 0.0885 0.0683
2 0.9734 0.4817 0.0302 0.15
1 0.3365 0.4917 0.0333 0.0467
6 0.6526 0.355 0.0156 0.04
10 0.7344 0.46 0.1396 0.0867
3 0.5703 0.0283 0.026 0.0567
6 0.7297 0.4083 0.0135 0.0267
6 0.726 0.4067 0.0146 0.0433
1 0.3339 0.495 0.0531 0.05
1 0.0979 0.5133 0.0271 0.0267
1 0.4906 0.4975 0.0229 0.0383
1 0.0922 0.4858 0.0323 0.025
1 0.4677 0.4925 0.0417 0.0417
3 0.5656 0.3608 0.0125 0.0517
0 0.9672 0.4925 0.0302 0.1017
2 0.9911 0.4817 0.0115 0.0833
