2 0.8208 0.4708 0.0312 0.0883
1 0.2094 0.5125 0.0396 0.085
2 0.7031 0.4992 0.025 0.0717
1 0.513 0.4975 0.0365 0.085
1 0.4094 0.5075 0.0729 0.1017
1 0.5312 0.5017 0.0396 0.0733
2 0.8901 0.4542 0.024 0.0783
1 0.2396 0.5083 0.0396 0.0767
1 0.1276 0.5375 0.1677 0.0983
2 0.9245 0.515 0.0281 0.12
2 0.7359 0.4983 0.0302 0.15
1 0.3255 0.5092 0.0552 0.075
1 0.2724 0.4967 0.024 0.0567
2 0.7677 0.4933 0.0208 0.14
1 0.4875 0.5017 0.0146 0.0567
2 0.474 0.4933 0.0104 0.0567
1 0.3 0.4958 0.0208 0.055
2 0.851 0.47 0.0292 0.0733
2 0.9719 0.5025 0.0396 0.155
