1 0.4818 0.4933 0.0573 0.12
6 0.1823 0.4292 0.0146 0.0317
1 0.6714 0.5467 0.176 0.1933
1 0.0214 0.4867 0.0344 0.05
1 0.5422 0.5167 0.076 0.1433
6 0.0594 0.3667 0.0187 0.0367
6 0.1125 0.375 0.0187 0.0333
1 0.1781 0.4842 0.05 0.045
6 0.1844 0.4267 0.0146 0.03
1 0.2552 0.4833 0.0604 0.06
1 0.3312 0.4842 0.0854 0.1117
1 0.2208 0.4833 0.0271 0.0633
1 0.4333 0.5042 0.0437 0.0683
1 0.55 0.5167 0.0917 0.1367
1 0.1589 0.48 0.0448 0.05
1 0.2542 0.4783 0.0563 0.0567
1 0.149 0.485 0.0312 0.0533
1 0.887 0.6221 0.225 0.3158
6 0.1141 0.3717 0.0156 0.0333
1 0.3922 0.4942 0.0427 0.0617
7 0.0573 0.3667 0.0187 0.0433
1 0.6719 0.5408 0.1833 0.1617
1 0.1807 0.48 0.0448 0.05
1 0.4792 0.4975 0.0625 0.1083
