1 0.3563 0.4992 0.0333 0.045
1 0.263 0.505 0.0469 0.0767
1 0.199 0.5058 0.0938 0.0983
1 0.2547 0.5008 0.0615 0.0817
4 0.5594 0.4375 0.0187 0.045
1 0.1354 0.5192 0.0521 0.045
4 0.6646 0.405 0.0271 0.06
3 0.3667 0.3742 0.0167 0.035
1 0.8891 0.6242 0.2208 0.335
4 0.4234 0.3708 0.0156 0.0417
4 0.4688 0.3908 0.0187 0.0383
1 0.6427 0.5217 0.1062 0.1367
4 0.4677 0.3825 0.0146 0.0417
1 0.1318 0.5183 0.0594 0.04
4 0.4229 0.375 0.0125 0.03
4 0.6656 0.4083 0.0146 0.0433
1 0.3542 0.4942 0.0354 0.0483
4 0.5594 0.4417 0.0146 0.03
1 0.6432 0.5258 0.1052 0.1217
1 0.2057 0.4975 0.076 0.085
