1 0.5875 0.48 0.0688 0.0633
1 0.9424 0.6454 0.1141 0.3858
1 0.0505 0.51 0.0719 0.0867
1 0.0531 0.5083 0.0583 0.1
1 0.2698 0.4983 0.0271 0.0433
4 0.2818 0.4475 0.0135 0.0317
1 0.2302 0.4983 0.0542 0.0733
4 0.1802 0.37 0.0146 0.0367
1 0.1865 0.5033 0.0375 0.0633
1 0.601 0.4733 0.0667 0.0367
4 0.2854 0.44 0.0146 0.04
7 0.099 0.3567 0.0187 0.05
1 0.1406 0.5017 0.0604 0.07
4 0.587 0.3667 0.0156 0.0533
7 0.0995 0.3475 0.0156 0.0383
4 0.1781 0.3625 0.0167 0.035
1 0.1422 0.5008 0.0469 0.0483
4 0.5854 0.3767 0.0187 0.0367
