1 0.2911 0.4575 0.024 0.045
1 0.2495 0.4558 0.0469 0.0483
6 0.5849 0.3492 0.0198 0.0383
1 0.2875 0.4542 0.0292 0.0383
6 0.5083 0.33 0.025 0.0333
6 0.7286 0.3675 0.0135 0.055
1 0.612 0.4767 0.0802 0.0933
6 0.4339 0.3408 0.0198 0.0483
1 0.0958 0.4583 0.05 0.0567
1 0.1047 0.4592 0.051 0.035
1 0.6865 0.4558 0.0375 0.025
6 0.5901 0.3533 0.0156 0.0333
1 0.1932 0.4592 0.0427 0.035
1 0.2479 0.46 0.0417 0.0533
0 0.9315 0.4967 0.0411 0.08
1 0.15 0.4542 0.0271 0.0317
1 0.1891 0.46 0.0406 0.05
1 0.1292 0.4567 0.0146 0.06
1 0.1552 0.4542 0.0292 0.0283
6 0.5099 0.3358 0.0135 0.0383
7 0.4391 0.3392 0.0198 0.045
6 0.7292 0.3575 0.0167 0.0317
1 0.5068 0.4792 0.0656 0.0783
