1 0.3099 0.5192 0.0302 0.065
2 0.5208 0.5058 0.0187 0.085
1 0.9039 0.5508 0.1911 0.2817
2 0.0568 0.5492 0.026 0.1283
1 0.4365 0.5217 0.0479 0.0533
2 0.0375 0.57 0.0167 0.0533
2 0.076 0.5433 0.0187 0.0933
2 0.5474 0.5075 0.0156 0.115
1 0.2823 0.5292 0.0312 0.065
1 0.7802 0.5267 0.1437 0.16
1 0.2271 0.545 0.0833 0.0933
2 0.8146 0.4546 0.0177 0.0825
3 0.5818 0.3133 0.026 0.0967
2 0.0224 0.5458 0.0177 0.1017
2 0.9854 0.4808 0.025 0.1617
2 0.7979 0.4733 0.0187 0.1
1 0.1266 0.5558 0.0781 0.0817
2 0.0536 0.5442 0.0198 0.1117
