1 0.4552 0.475 0.0521 0.07
1 0.3224 0.4733 0.0281 0.0433
6 0.1917 0.4317 0.0104 0.03
1 0.6677 0.4842 0.1333 0.125
1 0.2932 0.4808 0.049 0.0483
1 0.3479 0.475 0.0292 0.0567
1 0.4521 0.4783 0.0479 0.0633
1 0.5344 0.4842 0.0437 0.0617
6 0.1354 0.39 0.0187 0.0333
1 0.5349 0.4825 0.0698 0.0683
1 0.4953 0.4833 0.049 0.0633
1 0.3917 0.475 0.0604 0.0767
1 0.2052 0.4783 0.0479 0.0567
6 0.0896 0.3917 0.0187 0.0367
1 0.4875 0.4825 0.0458 0.0783
1 0.288 0.475 0.0427 0.0533
1 0.124 0.4867 0.0437 0.04
1 0.2469 0.4758 0.0479 0.0517
1 0.2448 0.4758 0.0542 0.0383
1 0.5828 0.4933 0.0469 0.09
1 0.2078 0.48 0.0448 0.05
