2 0.5474 0.5383 0.0094 0.0867
2 0.5885 0.5308 0.0167 0.085
4 0.4089 0.4058 0.0094 0.0317
2 0.5927 0.5308 0.0104 0.0817
4 0.4083 0.4075 0.0104 0.0317
4 0.4604 0.4167 0.0104 0.0267
1 0.2479 0.5367 0.0458 0.0567
4 0.5297 0.4533 0.0094 0.0333
2 0.5776 0.5383 0.0115 0.0867
2 0.5594 0.5408 0.0104 0.0917
3 0.513 0.4708 0.0115 0.0417
1 0.3307 0.5567 0.076 0.0833
1 0.2484 0.5383 0.0531 0.06
4 0.5135 0.4717 0.0125 0.03
2 0.5583 0.5367 0.0125 0.0833
4 0.4589 0.415 0.0094 0.0233
4 0.5276 0.4542 0.0094 0.035
2 0.5484 0.535 0.0115 0.0733
2 0.5734 0.5375 0.0156 0.085
1 0.4359 0.5467 0.0594 0.0867
