1 0.4833 0.5167 0.0208 0.0433
3 0.4927 0.33 0.0167 0.0467
1 0.9453 0.5192 0.074 0.075
3 0.4922 0.3308 0.026 0.0717
1 0.0891 0.5808 0.126 0.185
10 0.0495 0.5283 0.0969 0.1067
1 0.2969 0.6017 0.3104 0.4333
1 0.4818 0.5117 0.0094 0.03
10 0.0422 0.5267 0.0656 0.1067
3 0.4156 0.3392 0.0167 0.055
1 0.6281 0.5433 0.0458 0.1167
1 0.7969 0.6217 0.3729 0.3533
1 0.9422 0.52 0.0802 0.06
3 0.937 0.2592 0.051 0.145
3 0.6797 0.4317 0.0198 0.0567
3 0.3167 0.3383 0.0208 0.0533
1 0.5365 0.5292 0.0458 0.0583
3 0.4135 0.3267 0.025 0.0567
