1 0.2229 0.4967 0.0396 0.0533
1 0.276 0.5 0.0625 0.0633
1 0.2724 0.5033 0.0594 0.0767
2 0.6661 0.4804 0.025 0.0575
1 0.8516 0.5392 0.2906 0.2883
6 0.5094 0.3867 0.0333 0.06
6 0.2458 0.3683 0.0187 0.0333
1 0.5427 0.5142 0.0979 0.115
1 0.3568 0.4933 0.0406 0.0967
6 0.049 0.4492 0.0187 0.0417
6 0.325 0.4383 0.0146 0.05
1 0.8385 0.5517 0.2625 0.35
1 0.4245 0.505 0.1573 0.23
6 0.2437 0.3708 0.0187 0.0383
1 0.6562 0.5508 0.1104 0.1583
1 0.0953 0.52 0.0719 0.0633
6 0.3281 0.4283 0.0146 0.03
6 0.1823 0.3667 0.0187 0.0367
1 0.1432 0.505 0.0344 0.05
7 0.1854 0.3667 0.0187 0.0433
