1 0.2714 0.5208 0.101 0.085
1 0.9203 0.4925 0.0823 0.1117
1 0.9734 0.4775 0.0177 0.0583
1 0.0833 0.5175 0.0542 0.045
3 0.5682 0.3608 0.024 0.0617
1 0.0938 0.4992 0.0417 0.0317
1 0.4135 0.5017 0.0354 0.04
3 0.0823 0.0783 0.1646 0.1567
1 0.4099 0.4942 0.0281 0.035
1 0.8443 0.4883 0.0823 0.06
1 0.1708 0.5033 0.1021 0.0633
1 0.8411 0.4925 0.0865 0.0417
1 0.4745 0.4958 0.0323 0.0417
3 0.6526 0.3567 0.0156 0.0433
1 0.3432 0.5192 0.0719 0.075
1 0.0875 0.5217 0.0375 0.0533
2 0.9635 0.51 0.0229 0.1
3 0.8 0.0758 0.0271 0.095
4 0.726 0.4175 0.0167 0.0517
1 0.4365 0.5008 0.025 0.0483
1 0.5448 0.4883 0.0167 0.04
6 0.801 0.0767 0.05 0.1167
1 0.5661 0.4942 0.0281 0.0517
