1 0.8349 0.5158 0.076 0.0783
2 0.7177 0.5367 0.0312 0.1533
1 0.0573 0.5779 0.1135 0.1858
2 0.6984 0.535 0.026 0.17
2 0.1187 0.5417 0.0167 0.0767
1 0.8255 0.52 0.1052 0.1033
2 0.1818 0.5542 0.024 0.0783
2 0.1469 0.5433 0.0187 0.0667
2 0.6828 0.5417 0.0219 0.16
4 0.5099 0.3925 0.0198 0.0683
1 0.2682 0.5408 0.0635 0.0683
2 0.1802 0.5483 0.0208 0.0767
1 0.5458 0.5408 0.1479 0.155
2 0.6115 0.5592 0.05 0.1983
4 0.176 0.4167 0.0208 0.0633
2 0.6339 0.5417 0.0281 0.2
1 0.3927 0.6083 0.1896 0.2233
1 0.3276 0.5283 0.0719 0.0933
2 0.1349 0.5475 0.0135 0.0683
2 0.724 0.5383 0.0333 0.1733
