1 0.3984 0.515 0.0385 0.0433
1 0.0573 0.5 0.0667 0.1
4 0.5865 0.4267 0.0167 0.0533
3 0.2714 0.3317 0.0198 0.0667
1 0.3609 0.53 0.0615 0.1067
1 0.863 0.5142 0.0969 0.075
1 0.2443 0.53 0.201 0.2333
1 0.0286 0.5317 0.0573 0.3033
1 0.1417 0.5325 0.0583 0.0483
6 0.4401 0.3367 0.0177 0.05
1 0.1302 0.5317 0.0417 0.0567
1 0.0786 0.5367 0.0719 0.0633
1 0.4719 0.5333 0.1083 0.14
4 0.4365 0.3433 0.0333 0.0767
1 0.9302 0.5142 0.1375 0.095
4 0.3656 0.3317 0.0187 0.0567
1 0.8365 0.5183 0.0563 0.0867
7 0.2083 0.3383 0.0229 0.0633
3 0.2104 0.335 0.0187 0.05
4 0.5849 0.435 0.0177 0.0633
3 0.3734 0.3317 0.0177 0.0467
