2 0.2901 0.5325 0.0198 0.0517
0 0.0776 0.5967 0.0594 0.11
1 0.3943 0.5617 0.1615 0.2267
2 0.1531 0.5575 0.0146 0.0783
1 0.5995 0.5825 0.0844 0.165
1 0.6036 0.585 0.1052 0.1833
2 0.1802 0.5458 0.0229 0.0983
2 0.1302 0.5467 0.0292 0.1067
1 0.7297 0.6158 0.2406 0.315
1 0.8604 0.6742 0.275 0.645
1 0.0417 0.5933 0.0688 0.1433
2 0.7703 0.45 0.0198 0.04
1 0.4682 0.525 0.0281 0.0433
4 0.5385 0.4425 0.0187 0.0417
1 0.563 0.555 0.0927 0.14
2 0.1026 0.55 0.026 0.1033
1 0.55 0.5592 0.05 0.1317
2 0.7682 0.4508 0.0406 0.0483
4 0.3036 0.4533 0.0156 0.04
