2 0.2974 0.5175 0.024 0.0817
7 0.449 0.32 0.0208 0.0533
2 0.1818 0.525 0.0198 0.0767
6 0.6568 0.4075 0.0198 0.0617
2 0.201 0.5242 0.0208 0.0683
2 0.3193 0.5167 0.0177 0.0733
1 0.1766 0.5242 0.0781 0.075
2 0.1625 0.5267 0.0167 0.0733
1 0.7094 0.5175 0.1208 0.085
6 0.5203 0.3242 0.0219 0.0683
2 0.2849 0.5133 0.024 0.0733
1 0.551 0.5117 0.0417 0.0567
2 0.0625 0.5967 0.0729 0.38
1 0.2375 0.5042 0.0479 0.035
2 0.3016 0.52 0.0156 0.0633
2 0.2599 0.5192 0.0177 0.0683
2 0.2193 0.5192 0.0198 0.0783
1 0.9474 0.5192 0.101 0.0817
10 0.3318 0.4775 0.101 0.1383
2 0.3182 0.5133 0.0115 0.0667
1 0.3318 0.4817 0.099 0.14
2 0.1615 0.5217 0.0167 0.0767
1 0.2458 0.5308 0.0542 0.0417
