1 0.9385 0.5292 0.0729 0.0517
4 0.7417 0.4433 0.0229 0.05
4 0.6052 0.3442 0.0312 0.075
1 0.2307 0.5558 0.0385 0.0517
1 0.8615 0.5617 0.1521 0.0833
4 0.6094 0.3383 0.0208 0.0567
1 0.7792 0.5417 0.0625 0.0567
1 0.7818 0.55 0.0573 0.0633
1 0.2656 0.5525 0.0604 0.0983
7 0.3625 0.29 0.0271 0.0767
1 0.1604 0.5567 0.0271 0.0433
1 0.9359 0.8183 0.124 0.36
4 0.4927 0.3142 0.0271 0.075
1 0.2281 0.5508 0.0437 0.0583
1 0.0656 0.56 0.0604 0.0433
1 0.0714 0.56 0.0552 0.06
1 0.6776 0.5967 0.2031 0.2367
1 0.3828 0.585 0.1177 0.17
1 0.5583 0.5575 0.0896 0.195
