4 0.5078 0.405 0.0115 0.0333
1 0.6792 0.5842 0.2292 0.2417
4 0.4172 0.4467 0.0156 0.0333
3 0.324 0.2967 0.0229 0.06
3 0.0385 0.2517 0.0208 0.0733
4 0.6406 0.4742 0.0125 0.0317
1 0.9016 0.5983 0.1906 0.2233
1 0.8224 0.5475 0.0531 0.045
4 0.825 0.4133 0.0167 0.0567
4 0.3849 0.4192 0.0156 0.035
1 0.4802 0.5267 0.0271 0.0333
1 0.0885 0.525 0.0573 0.04
3 0.8505 0.3625 0.0198 0.0417
4 0.5099 0.4058 0.0177 0.045
1 0.212 0.5358 0.026 0.0417
3 0.2464 0.3592 0.0198 0.055
1 0.5568 0.5283 0.0365 0.0633
3 0.8917 0.3392 0.0208 0.0617
1 0.5188 0.5558 0.0729 0.095
1 0.4458 0.5225 0.025 0.0417
1 0.3323 0.6167 0.2417 0.2767
1 0.5547 0.5417 0.0385 0.0567
1 0.1583 0.5358 0.0479 0.0383
1 0.6474 0.5308 0.0615 0.0783
