1 0.3214 0.495 0.0156 0.0367
2 0.7216 0.5042 0.0245 0.145
1 0.2146 0.5117 0.025 0.0833
1 0.3552 0.4975 0.025 0.0483
1 0.4422 0.4908 0.026 0.0483
2 0.8885 0.5154 0.0323 0.1175
1 0.3995 0.5175 0.0948 0.1283
2 0.9385 0.4983 0.0375 0.15
1 0.4839 0.5017 0.0135 0.0567
1 0.5234 0.5083 0.049 0.1
1 0.5312 0.5017 0.0396 0.0733
2 0.4729 0.4933 0.0104 0.0567
2 0.6937 0.5117 0.0229 0.09
1 0.3 0.4958 0.0208 0.055
1 0.5068 0.4967 0.024 0.0833
1 0.2724 0.4967 0.024 0.0567
2 0.7732 0.5058 0.0339 0.14
1 0.2396 0.5083 0.0396 0.0767
1 0.3516 0.4883 0.026 0.05
2 0.7469 0.5017 0.026 0.145
1 0.1339 0.5258 0.1594 0.0917
2 0.7839 0.4521 0.0187 0.0925
2 0.8307 0.4983 0.026 0.155
