1 0.7807 0.5267 0.1573 0.0933
7 0.2807 0.2767 0.0198 0.0633
2 0.1401 0.5392 0.0219 0.0817
2 0.1365 0.5425 0.0187 0.0817
2 0.5229 0.5225 0.0167 0.0583
2 0.5385 0.5183 0.0167 0.0633
2 0.0172 0.5583 0.0344 0.2167
2 0.6161 0.4892 0.0177 0.0417
1 0.3297 0.6525 0.3323 0.4183
2 0.537 0.52 0.0156 0.07
0 0.1708 0.5392 0.0521 0.0717
2 0.5948 0.5042 0.0229 0.0783
6 0.563 0.4083 0.0219 0.0633
0 0.463 0.5117 0.0281 0.0367
1 0.1229 0.5383 0.0729 0.0767
2 0.5219 0.52 0.0208 0.0633
6 0.3901 0.2858 0.0198 0.0717
0 0.6594 0.5267 0.025 0.09
