2 0.9536 0.5217 0.026 0.0667
6 0.4922 0.33 0.026 0.07
1 0.9422 0.52 0.0802 0.06
10 0.0542 0.5217 0.1062 0.11
6 0.6797 0.4283 0.0198 0.0567
1 0.4896 0.5117 0.025 0.03
10 0.5219 0.5042 0.0292 0.0417
6 0.4156 0.3375 0.0167 0.055
2 0.9557 0.5208 0.0385 0.075
1 0.7974 0.625 0.374 0.3567
3 0.3167 0.3358 0.0208 0.055
6 0.9354 0.2583 0.0521 0.15
6 0.4135 0.3267 0.025 0.0567
1 0.5763 0.535 0.1286 0.08
1 0.2938 0.5983 0.3125 0.4267
1 0.6292 0.5433 0.0458 0.1167
6 0.4927 0.33 0.0167 0.0467
1 0.4885 0.5183 0.0208 0.0433
1 0.088 0.585 0.126 0.1833
