3 0.6526 0.355 0.0156 0.04
1 0.338 0.495 0.0469 0.05
4 0.7255 0.41 0.0156 0.0433
2 0.8714 0.4767 0.024 0.07
1 0.2052 0.5183 0.1167 0.0867
1 0.2026 0.5092 0.1094 0.0983
3 0.801 0.0733 0.025 0.09
1 0.1766 0.4983 0.099 0.06
2 0.874 0.4817 0.0208 0.0533
3 0.5703 0.0283 0.026 0.0567
2 0.9839 0.5 0.0115 0.0833
3 0.0714 0.085 0.1094 0.1567
3 0.5656 0.3608 0.0125 0.0517
1 0.4516 0.4917 0.0427 0.06
0 0.9635 0.4958 0.0229 0.0983
1 0.4036 0.5058 0.0635 0.0583
1 0.4052 0.4992 0.0604 0.055
1 0.4797 0.4967 0.024 0.04
1 0.3354 0.4967 0.05 0.05
