1 0.4344 0.4975 0.0458 0.0517
2 0.8953 0.4883 0.0198 0.09
2 0.8948 0.4933 0.0104 0.0733
1 0.137 0.5175 0.151 0.135
1 0.124 0.525 0.1896 0.13
1 0.4703 0.4933 0.0302 0.0467
3 0.6526 0.355 0.0156 0.04
3 0.801 0.0733 0.025 0.09
2 0.9214 0.485 0.0198 0.06
1 0.2865 0.4942 0.0563 0.0817
0 0.8307 0.4908 0.0219 0.0817
3 0.5661 0.3608 0.0135 0.0517
1 0.325 0.5042 0.1062 0.1083
3 0.0714 0.085 0.1094 0.1567
2 0.8005 0.4825 0.0156 0.0517
3 0.5703 0.0283 0.026 0.0567
4 0.7255 0.4108 0.0156 0.045
2 0.9224 0.4933 0.024 0.07
