1 0.8302 0.5925 0.0875 0.1583
1 0.725 0.5558 0.0312 0.1183
1 0.3604 0.52 0.0292 0.0733
1 0.6516 0.5333 0.0302 0.0733
1 0.763 0.5617 0.0573 0.1667
1 0.0495 0.5867 0.099 0.2567
1 0.3297 0.5442 0.0219 0.055
1 0.924 0.5833 0.15 0.2767
1 0.2781 0.5183 0.0896 0.0833
1 0.2281 0.545 0.075 0.1133
1 0.1812 0.5592 0.1146 0.1283
1 0.2729 0.5383 0.0771 0.0967
1 0.2167 0.5717 0.0437 0.0867
1 0.701 0.5633 0.025 0.0767
1 0.7958 0.5533 0.1354 0.1733
1 0.1281 0.5833 0.1292 0.1833
1 0.676 0.5467 0.0229 0.0733
1 0.8458 0.5842 0.1208 0.1683
