1 0.5375 0.4683 0.0208 0.0467
7 0.2906 0.3908 0.0167 0.055
4 0.4193 0.4075 0.0177 0.0483
1 0.5292 0.5483 0.1 0.1033
1 0.3568 0.5392 0.0344 0.045
4 0.5385 0.4717 0.0146 0.0367
6 0.2938 0.3917 0.0146 0.0433
1 0.8646 0.5708 0.2021 0.135
4 0.4198 0.41 0.0187 0.04
1 0.2219 0.5392 0.0354 0.0483
1 0.6521 0.5408 0.0854 0.075
4 0.3589 0.3942 0.0198 0.0517
1 0.4734 0.5342 0.0427 0.0583
4 0.3604 0.405 0.0146 0.0367
1 0.4005 0.5292 0.0365 0.0417
1 0.0742 0.5617 0.0547 0.0517
4 0.6677 0.4242 0.0208 0.065
1 0.2224 0.5417 0.0323 0.0567
