1 0.7422 0.4917 0.0948 0.0567
6 0.737 0.4142 0.0177 0.055
10 0.4854 0.46 0.0708 0.12
6 0.8135 0.2758 0.0292 0.1217
7 0.2922 0.425 0.0156 0.0467
2 0.6036 0.5083 0.0365 0.1467
2 0.3063 0.4917 0.0208 0.0567
2 0.6328 0.51 0.0365 0.16
2 0.8552 0.5175 0.0396 0.1317
1 0.3724 0.4783 0.0615 0.07
7 0.5797 0.3425 0.0177 0.055
7 0.288 0.4208 0.0135 0.0417
1 0.9021 0.4983 0.0938 0.0533
1 0.4854 0.4592 0.0688 0.115
1 0.4276 0.495 0.051 0.0467
2 0.5531 0.5042 0.0542 0.1517
1 0.0719 0.5092 0.1437 0.095
1 0.4167 0.4833 0.0396 0.0533
1 0.424 0.4933 0.0458 0.0433
6 0.8151 0.275 0.0406 0.09
6 0.6333 0.3433 0.0187 0.05
