2 0.8349 0.5133 0.0302 0.1167
0 0.9182 0.4892 0.0302 0.0483
1 0.3359 0.5308 0.0219 0.0283
6 0.7323 0.3342 0.0167 0.0583
1 0.2036 0.5467 0.0906 0.05
1 0.2042 0.545 0.0917 0.0667
2 0.4969 0.5267 0.025 0.0967
2 0.5016 0.5308 0.0198 0.085
1 0.6422 0.5667 0.1615 0.1867
6 0.4557 0.3558 0.0115 0.0417
10 0.5495 0.4933 0.1927 0.0967
6 0.575 0.425 0.0104 0.0233
1 0.5661 0.5283 0.1135 0.1533
2 0.837 0.5092 0.0344 0.1117
1 0.2849 0.5475 0.0844 0.0983
2 0.488 0.5258 0.0156 0.095
2 0.2359 0.535 0.0115 0.0733
10 0.1797 0.52 0.0927 0.1067
6 0.4568 0.3575 0.0156 0.0483
7 0.3708 0.3325 0.0146 0.045
1 0.5448 0.5358 0.0583 0.1483
6 0.7333 0.34 0.0187 0.0567
1 0.3354 0.5292 0.0229 0.0317
1 0.4042 0.55 0.075 0.1
6 0.5734 0.4258 0.0115 0.025
