6 0.6526 0.355 0.0156 0.04
1 0.1766 0.4958 0.0885 0.0683
1 0.0922 0.4858 0.0323 0.025
2 0.9911 0.4817 0.0115 0.0833
3 0.5656 0.3608 0.0125 0.0517
10 0.8005 0.4667 0.1385 0.1067
6 0.726 0.4067 0.0146 0.0433
2 0.9734 0.485 0.0302 0.1433
3 0.5703 0.0283 0.026 0.0567
1 0.3099 0.4917 0.0385 0.0633
1 0.3172 0.4833 0.0531 0.05
1 0.3547 0.5158 0.0844 0.0717
0 0.9661 0.4925 0.0302 0.1017
6 0.7297 0.4083 0.0135 0.0267
1 0.4885 0.4975 0.0271 0.0383
1 0.0958 0.5133 0.0271 0.0267
6 0.8016 0.0717 0.024 0.09
1 0.449 0.4992 0.0417 0.0417
