2 0.1146 0.5342 0.0187 0.0817
1 0.4891 0.4917 0.049 0.0567
2 0.6661 0.4992 0.0281 0.0983
2 0.1115 0.5325 0.0167 0.0717
10 0.0896 0.51 0.0521 0.06
2 0.699 0.505 0.0187 0.0867
7 0.4203 0.4442 0.0135 0.0417
0 0.288 0.515 0.0281 0.0533
2 0.7891 0.48 0.0323 0.1667
2 0.8229 0.4783 0.0333 0.16
1 0.8365 0.4933 0.0854 0.0433
2 0.7271 0.5025 0.0312 0.095
7 0.6516 0.3758 0.0135 0.0417
7 0.4198 0.4433 0.0167 0.0433
1 0.5297 0.4958 0.0385 0.0417
10 0.5792 0.4667 0.0667 0.0833
1 0.1292 0.5308 0.0979 0.0583
6 0.6969 0.3717 0.0187 0.05
1 0.5292 0.4992 0.0354 0.035
1 0.5807 0.4617 0.0656 0.09
