8 0.6073 0.3967 0.0146 0.0367
8 0.7099 0.3292 0.026 0.065
10 0.112 0.4567 0.1323 0.1667
1 0.4917 0.4808 0.0333 0.0417
1 0.2437 0.5475 0.1979 0.2117
8 0.6115 0.3933 0.0167 0.0533
10 0.5349 0.4642 0.0344 0.0583
1 0.3526 0.4858 0.0552 0.0683
1 0.1094 0.4608 0.1375 0.175
8 0.387 0.295 0.0135 0.0467
1 0.6948 0.52 0.1271 0.1667
1 0.4141 0.4942 0.0677 0.0617
1 0.3948 0.4792 0.0271 0.055
8 0.7094 0.3333 0.025 0.08
1 0.8799 0.5904 0.2391 0.2842
8 0.4594 0.3125 0.0292 0.0583
7 0.2812 0.285 0.0167 0.0533
1 0.8031 0.4817 0.1062 0.06
