2 0.9823 0.4675 0.025 0.075
2 0.1786 0.5383 0.0156 0.0367
1 0.3177 0.56 0.0792 0.0967
2 0.6521 0.51 0.0208 0.09
1 0.2604 0.5675 0.0437 0.055
1 0.375 0.5442 0.0688 0.0717
2 0.1688 0.5583 0.0208 0.0933
1 0.4469 0.55 0.1021 0.1533
2 0.6312 0.5158 0.0146 0.0783
4 0.162 0.4075 0.026 0.065
2 0.2036 0.5492 0.0177 0.0717
4 0.1615 0.4083 0.0208 0.06
2 0.6932 0.5067 0.0177 0.09
4 0.6016 0.3817 0.0198 0.0633
1 0.5057 0.5342 0.0281 0.045
2 0.6135 0.5225 0.0208 0.0883
1 0.9589 0.5275 0.074 0.0783
1 0.0802 0.6133 0.1604 0.2
2 0.9245 0.4925 0.026 0.1217
1 0.3755 0.545 0.0385 0.0533
2 0.7052 0.5167 0.0146 0.08
2 0.6286 0.515 0.026 0.0867
2 0.1677 0.5583 0.0375 0.1067
