1 0.0781 0.5517 0.0896 0.06
10 0.501 0.5208 0.0563 0.1117
1 0.3745 0.5542 0.0469 0.0583
1 0.3823 0.555 0.0417 0.0733
1 0.337 0.5583 0.0594 0.0833
1 0.2385 0.5533 0.0354 0.0633
1 0.337 0.5533 0.0552 0.08
4 0.7797 0.3625 0.0323 0.0983
1 0.2734 0.5658 0.0948 0.0983
0 0.6448 0.5458 0.025 0.0983
1 0.5542 0.5358 0.0437 0.0583
1 0.5047 0.5233 0.0677 0.12
7 0.3542 0.1858 0.0333 0.0917
7 0.3531 0.18 0.025 0.0767
4 0.5208 0.1658 0.0333 0.1083
4 0.5214 0.1608 0.0302 0.0883
4 0.7792 0.3675 0.0187 0.0583
1 0.9411 0.5571 0.1167 0.1358
