6 0.5719 0.3675 0.0167 0.0417
1 0.6208 0.505 0.0417 0.0733
1 0.4969 0.4992 0.0437 0.045
6 0.6547 0.4325 0.0156 0.0417
1 0.5422 0.4975 0.051 0.0617
1 0.3245 0.5092 0.0531 0.0683
1 0.3568 0.51 0.0115 0.0333
1 0.5927 0.5017 0.0146 0.05
1 0.612 0.505 0.0219 0.0567
6 0.6781 0.4142 0.0167 0.035
6 0.6115 0.4542 0.0104 0.0283
2 0.8932 0.4825 0.0219 0.0783
1 0.2609 0.5267 0.0969 0.11
1 0.3255 0.5083 0.0448 0.0633
1 0.5792 0.4983 0.0208 0.0533
2 0.8865 0.4667 0.0208 0.0867
1 0.6542 0.5067 0.0771 0.08
6 0.5031 0.3525 0.0167 0.035
1 0.4359 0.5042 0.051 0.0383
