2 0.6932 0.52 0.0177 0.09
2 0.9193 0.495 0.026 0.12
2 0.6391 0.5283 0.0156 0.08
1 0.2792 0.5708 0.0417 0.055
1 0.5182 0.5383 0.0198 0.0467
1 0.9594 0.5308 0.075 0.0717
1 0.3344 0.5667 0.0708 0.0933
1 0.1615 0.5925 0.1229 0.1317
2 0.6557 0.5233 0.0219 0.08
1 0.3859 0.5525 0.0302 0.045
4 0.6057 0.4 0.0198 0.07
2 0.225 0.5458 0.0187 0.0383
2 0.6401 0.5283 0.026 0.09
4 0.1875 0.4208 0.0229 0.0517
1 0.4557 0.5675 0.1156 0.175
2 0.6167 0.5342 0.0208 0.0883
2 0.7031 0.5267 0.0146 0.08
2 0.9604 0.4842 0.025 0.075
4 0.1875 0.4217 0.0208 0.06
