1 0.6797 0.5 0.0552 0.0667
6 0.0823 0.0783 0.1646 0.1567
3 0.6526 0.3558 0.0156 0.0417
1 0.6068 0.4942 0.049 0.055
1 0.3146 0.49 0.0813 0.0667
1 0.1135 0.5175 0.1 0.1383
1 0.6781 0.5017 0.0646 0.0933
8 0.801 0.0767 0.05 0.1167
1 0.5828 0.485 0.0323 0.0533
2 0.9823 0.4942 0.025 0.1317
2 0.9818 0.4925 0.0302 0.095
1 0.6391 0.4867 0.0177 0.0567
1 0.074 0.525 0.1479 0.1633
1 0.6062 0.49 0.0417 0.0467
1 0.3563 0.5225 0.0583 0.0617
1 0.8547 0.5117 0.074 0.1133
4 0.726 0.415 0.0167 0.05
1 0.1953 0.5017 0.076 0.0867
1 0.6396 0.4883 0.0229 0.0333
1 0.4651 0.4908 0.0385 0.045
2 0.8948 0.4825 0.0229 0.0783
1 0.7432 0.5175 0.1031 0.1217
3 0.5682 0.3608 0.024 0.0617
1 0.5833 0.4833 0.0271 0.0567
3 0.8 0.075 0.0271 0.0933
