1 0.3594 0.5375 0.1083 0.155
7 0.3703 0.4442 0.0177 0.035
1 0.8854 0.4908 0.0979 0.095
1 0.8935 0.6654 0.212 0.4592
6 0.4516 0.4017 0.0115 0.03
1 0.049 0.5533 0.0646 0.06
6 0.4828 0.4558 0.0115 0.035
1 0.7365 0.5033 0.1208 0.0967
1 0.2859 0.5308 0.0635 0.0583
7 0.3693 0.4475 0.0135 0.035
1 0.0974 0.5458 0.0469 0.0617
6 0.5448 0.42 0.0167 0.0567
6 0.5448 0.4158 0.0146 0.045
6 0.4844 0.4542 0.0167 0.0383
1 0.9062 0.4792 0.1833 0.1283
1 0.0953 0.55 0.0531 0.0633
1 0.0573 0.5508 0.0667 0.0683
6 0.4516 0.4033 0.0156 0.04
1 0.7365 0.5042 0.1271 0.0917
1 0.8526 0.4842 0.0844 0.105
1 0.426 0.5308 0.0375 0.085
