1 0.6427 0.5392 0.0396 0.085
1 0.6901 0.5533 0.0573 0.1167
1 0.6115 0.5258 0.0271 0.0817
6 0.5859 0.43 0.0156 0.04
1 0.549 0.5317 0.0813 0.1033
6 0.3724 0.4692 0.024 0.0583
6 0.5073 0.3092 0.0167 0.035
1 0.1953 0.5075 0.0573 0.035
6 0.5354 0.425 0.0187 0.05
6 0.7552 0.3942 0.0167 0.035
1 0.3443 0.5125 0.0469 0.055
1 0.6182 0.5225 0.0469 0.095
6 0.7036 0.4308 0.0156 0.0417
6 0.537 0.4308 0.0156 0.0383
6 0.5958 0.3458 0.0167 0.0417
1 0.3047 0.5108 0.0302 0.0417
6 0.7042 0.4392 0.0187 0.0517
1 0.4599 0.5175 0.0469 0.0483
1 0.3443 0.5167 0.049 0.0467
2 0.9922 0.5108 0.0135 0.0783
1 0.825 0.5867 0.2104 0.1733
6 0.7583 0.4108 0.0229 0.0583
6 0.5943 0.3392 0.0198 0.0483
6 0.6385 0.4608 0.0104 0.0283
6 0.3771 0.4642 0.0167 0.0517
1 0.6495 0.5408 0.0427 0.095
1 0.251 0.5167 0.0771 0.0767
1 0.4526 0.5133 0.0385 0.04
1 0.701 0.5425 0.0958 0.1117
7 0.5062 0.3158 0.0146 0.0383
6 0.5906 0.42 0.0146 0.04
