1 0.1151 0.545 0.0427 0.0433
1 0.3573 0.5842 0.1562 0.2117
6 0.4562 0.335 0.0167 0.06
1 0.6109 0.5517 0.151 0.22
1 0.5141 0.5267 0.1135 0.0867
1 0.9167 0.4925 0.1625 0.2817
1 0.2802 0.5325 0.0417 0.0617
6 0.5453 0.3592 0.0177 0.0583
1 0.1135 0.5467 0.0417 0.06
7 0.3568 0.3317 0.0198 0.06
1 0.7755 0.6042 0.3302 0.3217
1 0.363 0.5717 0.1594 0.1967
3 0.6484 0.4175 0.0156 0.0417
1 0.2812 0.5325 0.0354 0.065
7 0.3578 0.3308 0.0219 0.0583
6 0.4573 0.335 0.0208 0.0633
6 0.5437 0.3617 0.0208 0.0567
6 0.6479 0.4217 0.0187 0.04
1 0.6005 0.55 0.1135 0.2
