7 0.5844 0.1608 0.0187 0.0617
6 0.7344 0.2083 0.0187 0.0567
6 0.6687 0.37 0.0146 0.04
6 0.7339 0.42 0.0135 0.0267
6 0.7339 0.2117 0.0219 0.0633
1 0.7005 0.4733 0.0781 0.0567
1 0.8432 0.5608 0.301 0.2483
6 0.3281 0.3958 0.0271 0.095
6 0.7333 0.4267 0.0167 0.04
6 0.9208 0.3458 0.0187 0.0483
7 0.5792 0.1625 0.0229 0.055
2 0.9922 0.5108 0.0135 0.0783
1 0.1964 0.5317 0.1635 0.1367
6 0.9224 0.3533 0.024 0.06
6 0.5974 0.385 0.0156 0.0467
1 0.5766 0.4983 0.076 0.0467
1 0.575 0.4917 0.0667 0.0567
1 0.2026 0.5283 0.1531 0.1333
1 0.5609 0.4875 0.0323 0.0483
6 0.5932 0.3775 0.0156 0.0383
1 0.8417 0.5675 0.2958 0.2583
6 0.3292 0.4067 0.0396 0.12
1 0.3745 0.5108 0.0802 0.0583
6 0.6693 0.3683 0.0156 0.04
