1 0.6766 0.5333 0.3094 0.1733
2 0.5177 0.5083 0.0229 0.1033
0 0.3953 0.5208 0.0177 0.0717
1 0.1818 0.5225 0.0677 0.0617
1 0.1094 0.51 0.0271 0.09
1 0.5151 0.5083 0.024 0.0967
1 0.4917 0.5283 0.075 0.0567
1 0.2443 0.5208 0.0469 0.0583
2 0.399 0.52 0.0104 0.0533
1 0.2401 0.5225 0.049 0.0583
2 0.1401 0.5208 0.0094 0.065
2 0.2922 0.5092 0.0198 0.095
2 0.2703 0.5142 0.0198 0.0817
1 0.1719 0.52 0.0708 0.05
2 0.2714 0.51 0.024 0.0833
1 0.0526 0.525 0.1052 0.1167
1 0.4943 0.5267 0.0906 0.0667
2 0.3927 0.5225 0.0167 0.0617
