6 0.6531 0.3583 0.0167 0.05
3 0.063 0.0683 0.0844 0.1333
1 0.2094 0.5158 0.0688 0.0817
6 0.6526 0.3575 0.0094 0.0383
1 0.4156 0.4925 0.0729 0.0517
1 0.6229 0.4908 0.0354 0.055
3 0.5719 0.0283 0.0292 0.0533
6 0.7286 0.4192 0.0135 0.0483
1 0.8208 0.49 0.0521 0.0433
6 0.801 0.075 0.0292 0.0933
1 0.9214 0.4867 0.1031 0.0567
1 0.6708 0.49 0.1062 0.0567
1 0.2224 0.5125 0.0802 0.0783
1 0.2812 0.52 0.1021 0.1033
1 0.862 0.4892 0.0719 0.055
1 0.4094 0.4933 0.0958 0.06
1 0.1109 0.5308 0.1594 0.1317
6 0.5656 0.3633 0.0146 0.0467
