6 0.3432 0.3658 0.0135 0.035
6 0.3823 0.3683 0.0146 0.0267
6 0.3854 0.3675 0.0125 0.0283
6 0.5833 0.405 0.0125 0.0267
6 0.7937 0.3233 0.0229 0.0367
1 0.2344 0.4808 0.1396 0.1983
6 0.4443 0.3617 0.0156 0.0367
1 0.5865 0.4833 0.0854 0.0667
6 0.4906 0.3633 0.0187 0.0367
1 0.3995 0.4983 0.0885 0.1067
10 0.0885 0.3825 0.1771 0.3217
1 0.5875 0.4833 0.0771 0.0633
6 0.4448 0.3667 0.0146 0.03
6 0.4906 0.3633 0.0146 0.0267
1 0.7094 0.4708 0.0396 0.055
1 0.0276 0.5158 0.0552 0.2417
1 0.6474 0.4725 0.0594 0.0617
1 0.7167 0.4717 0.0542 0.04
1 0.5219 0.5042 0.0896 0.115
1 0.326 0.4933 0.0542 0.0833
1 0.3599 0.5008 0.0219 0.045
6 0.3385 0.3683 0.0187 0.0333
