1 0.9578 0.4642 0.0823 0.065
7 0.2818 0.41 0.0156 0.0433
6 0.55 0.3358 0.0146 0.0383
6 0.7922 0.3642 0.0156 0.055
0 0.362 0.4779 0.0104 0.0408
6 0.6073 0.3467 0.0146 0.04
1 0.4578 0.4733 0.0385 0.0567
1 0.3937 0.4725 0.0396 0.0517
1 0.4271 0.4758 0.0229 0.0417
6 0.4995 0.3408 0.0115 0.0317
6 0.7917 0.3658 0.0146 0.055
6 0.5536 0.3392 0.0156 0.0417
6 0.7078 0.4058 0.0135 0.0383
6 0.4979 0.3367 0.0125 0.04
6 0.6062 0.3458 0.0167 0.0383
1 0.1109 0.4833 0.099 0.06
6 0.7073 0.4075 0.0167 0.0417
1 0.7891 0.4733 0.0885 0.0533
