1 0.1703 0.4592 0.0865 0.0883
1 0.6797 0.5042 0.0698 0.0817
1 0.9516 0.5592 0.0927 0.145
1 0.4891 0.4967 0.1073 0.17
1 0.8552 0.5042 0.0521 0.0617
1 0.1906 0.4567 0.05 0.0633
1 0.2854 0.4433 0.0604 0.0633
1 0.9021 0.5117 0.0437 0.0433
1 0.0401 0.4267 0.0802 0.08
8 0.499 0.3917 0.0104 0.03
1 0.7234 0.4908 0.0365 0.0483
1 0.2849 0.4517 0.049 0.06
1 0.9531 0.5617 0.0896 0.1367
1 0.1302 0.4317 0.0479 0.09
1 0.0969 0.435 0.0437 0.0833
1 0.7859 0.4967 0.0635 0.07
1 0.7896 0.5042 0.0563 0.0583
1 0.6292 0.4808 0.05 0.0517
6 0.425 0.4167 0.0125 0.0233
