1 0.3948 0.4942 0.0417 0.055
1 0.4635 0.4925 0.0354 0.0483
6 0.7266 0.4017 0.0156 0.0433
0 0.9719 0.4925 0.0271 0.1017
6 0.7995 0.0725 0.024 0.0917
6 0.7297 0.4067 0.0135 0.0267
2 0.8198 0.4758 0.0312 0.0883
3 0.5667 0.3608 0.0125 0.0517
1 0.1766 0.4958 0.0885 0.0683
2 0.9766 0.4775 0.0302 0.155
6 0.6531 0.355 0.0146 0.04
1 0.5401 0.4858 0.051 0.0517
1 0.4281 0.4933 0.0312 0.0567
2 0.8203 0.48 0.024 0.0567
1 0.3911 0.495 0.0469 0.05
1 0.0948 0.5142 0.0333 0.0317
3 0.5703 0.0283 0.026 0.0567
2 0.9911 0.4817 0.0115 0.0833
