4 0.4422 0.3883 0.0177 0.0367
1 0.4448 0.5033 0.0479 0.0567
10 0.3943 0.4833 0.0552 0.0933
1 0.1771 0.4858 0.0729 0.0583
1 0.7411 0.5475 0.2031 0.255
10 0.3922 0.485 0.0594 0.0733
4 0.5198 0.3983 0.0229 0.0367
4 0.5734 0.4392 0.0177 0.035
1 0.3583 0.5 0.0292 0.0367
4 0.5182 0.3908 0.0115 0.0317
4 0.5734 0.4458 0.0156 0.0283
4 0.2682 0.4567 0.0198 0.04
1 0.3542 0.5017 0.0333 0.0467
4 0.6214 0.4317 0.0177 0.0267
1 0.5714 0.5017 0.0573 0.0533
4 0.624 0.4233 0.0104 0.0367
1 0.4911 0.4925 0.0323 0.0383
