1 0.5036 0.5158 0.0385 0.0483
6 0.5193 0.3242 0.0219 0.0683
0 0.0823 0.5375 0.0104 0.0683
2 0.4307 0.6 0.149 0.43
2 0.124 0.5383 0.0146 0.0767
0 0.0885 0.5383 0.0479 0.08
1 0.1719 0.525 0.0875 0.0733
2 0.0552 0.5458 0.0167 0.0717
10 0.1745 0.5217 0.0823 0.0833
2 0.1021 0.5367 0.0167 0.08
2 0.0453 0.5442 0.0177 0.0717
10 0.3292 0.4817 0.1 0.1467
2 0.7505 0.5875 0.101 0.3783
1 0.7391 0.5125 0.1698 0.0983
6 0.6562 0.4075 0.0208 0.0617
2 0.0286 0.5467 0.0135 0.07
2 0.2849 0.5133 0.024 0.0733
1 0.5633 0.5158 0.0276 0.04
1 0.2448 0.5158 0.0625 0.0583
1 0.2474 0.5325 0.0573 0.0483
2 0.4323 0.5992 0.1479 0.425
10 0.2406 0.5117 0.0563 0.0567
2 0.0807 0.5383 0.024 0.08
7 0.0547 0.4367 0.0177 0.05
7 0.4484 0.3208 0.0198 0.055
1 0.5062 0.5133 0.0375 0.0467
