0 0.6625 0.5275 0.025 0.0883
2 0.5214 0.5183 0.0135 0.06
0 0.5031 0.5267 0.0271 0.0833
1 0.1797 0.5417 0.0427 0.0533
2 0.5453 0.5183 0.0177 0.0767
2 0.5297 0.5175 0.0156 0.0617
1 0.1786 0.5392 0.0469 0.065
2 0.725 0.5075 0.0208 0.0517
2 0.5443 0.5183 0.0177 0.06
7 0.2802 0.2783 0.0229 0.0667
2 0.6234 0.5325 0.0552 0.085
2 0.626 0.5258 0.0229 0.0717
2 0.726 0.5025 0.0208 0.0483
2 0.7078 0.5058 0.0198 0.0517
1 0.1198 0.5408 0.0771 0.0817
1 0.3297 0.6533 0.3281 0.4267
0 0.5094 0.53 0.0333 0.0733
6 0.3906 0.2875 0.0229 0.075
0 0.6578 0.5242 0.0323 0.0883
2 0.688 0.53 0.0219 0.0767
2 0.5312 0.5175 0.0146 0.075
6 0.5635 0.4125 0.025 0.0683
1 0.7734 0.5392 0.174 0.0883
2 0.5224 0.5133 0.0135 0.0633
