4 0.424 0.4517 0.0146 0.0333
1 0.326 0.5175 0.0187 0.0183
10 0.6458 0.505 0.0729 0.0967
1 0.8885 0.5567 0.1604 0.1233
1 0.6026 0.5333 0.074 0.0767
10 0.6516 0.5083 0.076 0.1033
1 0.3984 0.52 0.0344 0.05
1 0.3563 0.525 0.05 0.0667
4 0.401 0.4392 0.0083 0.0217
1 0.3812 0.5183 0.0167 0.0467
1 0.5818 0.515 0.0219 0.04
3 0.3443 0.4258 0.0094 0.035
4 0.4906 0.43 0.0187 0.0367
1 0.5958 0.5358 0.0688 0.0683
1 0.8885 0.5583 0.1708 0.1233
1 0.4536 0.5467 0.1073 0.1233
4 0.649 0.4617 0.0146 0.03
3 0.3839 0.395 0.0177 0.04
1 0.288 0.5175 0.024 0.0317
3 0.2432 0.3733 0.0198 0.0533
1 0.487 0.5083 0.0219 0.03
1 0.3516 0.52 0.0365 0.0567
