1 0.1052 0.54 0.0729 0.1367
10 0.5266 0.4617 0.0573 0.0933
10 0.5234 0.4767 0.0531 0.1267
10 0.3776 0.5142 0.0677 0.0783
1 0.0724 0.5675 0.0948 0.195
10 0.3521 0.52 0.0229 0.08
1 0.1688 0.54 0.1021 0.1267
1 0.3604 0.5108 0.1021 0.0783
1 0.2906 0.5317 0.1042 0.0767
10 0.4521 0.4867 0.0583 0.1367
1 0.5151 0.525 0.0469 0.06
10 0.4573 0.4908 0.0604 0.135
2 0.6443 0.5133 0.0156 0.1267
2 0.2234 0.5175 0.0219 0.1183
1 0.1156 0.545 0.0583 0.1567
1 0.3307 0.5208 0.0719 0.0717
2 0.2318 0.5208 0.0323 0.1283
2 0.6807 0.57 0.0844 0.4033
2 0.6375 0.5067 0.0333 0.14
2 0.637 0.5067 0.026 0.1567
1 0.5151 0.5292 0.0448 0.0583
1 0.2896 0.5292 0.1146 0.0783
1 0.1651 0.5475 0.0844 0.145
2 0.7479 0.5717 0.0917 0.4067
