1 0.3771 0.5167 0.0375 0.05
1 0.1187 0.505 0.0437 0.0333
4 0.5219 0.4583 0.0125 0.03
4 0.4953 0.4633 0.0135 0.0333
1 0.6 0.4975 0.0312 0.0283
1 0.175 0.5367 0.0458 0.05
1 0.3781 0.5192 0.025 0.0383
1 0.1615 0.5117 0.0396 0.0467
1 0.2448 0.5217 0.0354 0.0567
10 0.0289 0.5262 0.0568 0.1508
1 0.0797 0.52 0.0448 0.03
10 0.1635 0.5125 0.0479 0.0417
1 0.5615 0.4967 0.0563 0.0367
4 0.4333 0.4217 0.0187 0.03
1 0.2891 0.5383 0.0844 0.0833
6 0.3948 0.4133 0.0146 0.0367
1 0.174 0.54 0.0625 0.0567
1 0.3323 0.52 0.0333 0.0367
