3 0.3167 0.3275 0.0187 0.0583
6 0.4917 0.3275 0.0208 0.0583
1 0.9734 0.5158 0.051 0.0617
1 0.6365 0.5433 0.0458 0.1167
1 0.4859 0.5175 0.0385 0.045
1 0.4526 0.5492 0.0302 0.0617
6 0.9297 0.2567 0.0552 0.16
1 0.0948 0.58 0.1271 0.1733
1 0.4599 0.5325 0.049 0.0683
6 0.4135 0.3267 0.0208 0.05
10 0.6667 0.4875 0.0771 0.1183
1 0.0505 0.5508 0.0844 0.2217
6 0.6792 0.4183 0.0167 0.05
1 0.7995 0.6333 0.376 0.3667
1 0.2849 0.5892 0.324 0.415
1 0.7229 0.4783 0.2313 0.1033
2 0.949 0.5133 0.0271 0.0567
1 0.5188 0.5242 0.0292 0.055
1 0.0469 0.5325 0.0896 0.1783
