1 0.4891 0.51 0.0219 0.07
1 0.6073 0.5017 0.0604 0.0533
1 0.5172 0.51 0.0719 0.0933
4 0.5849 0.4308 0.0198 0.0417
1 0.6125 0.4975 0.0646 0.055
4 0.4682 0.3875 0.0135 0.045
4 0.5823 0.4367 0.0146 0.03
1 0.3083 0.51 0.0312 0.04
1 0.0214 0.5367 0.0427 0.09
1 0.0578 0.53 0.049 0.0467
4 0.4656 0.3983 0.0146 0.03
1 0.6448 0.4933 0.0333 0.0567
1 0.8833 0.5058 0.2313 0.1483
4 0.4229 0.3933 0.0167 0.0367
1 0.4703 0.4983 0.0302 0.04
1 0.3526 0.5042 0.0198 0.035
3 0.3714 0.3983 0.0135 0.0367
2 0.0958 0.5258 0.0229 0.045
4 0.424 0.3983 0.0125 0.03
1 0.2026 0.5675 0.224 0.2417
1 0.3698 0.5017 0.0312 0.0433
