1 0.8995 0.5 0.0781 0.1133
1 0.4125 0.5033 0.0354 0.04
1 0.8339 0.4875 0.0615 0.0617
1 0.0875 0.5233 0.0375 0.0533
1 0.5724 0.4933 0.0323 0.0533
1 0.8349 0.4933 0.0719 0.0433
3 0.0823 0.0783 0.1646 0.1567
2 0.976 0.5017 0.0229 0.1
1 0.0938 0.4992 0.0417 0.0317
1 0.2714 0.5208 0.101 0.085
6 0.801 0.0767 0.05 0.1167
1 0.4375 0.5008 0.025 0.0483
4 0.726 0.4175 0.0167 0.0517
3 0.6526 0.3567 0.0156 0.0433
1 0.0833 0.5175 0.0542 0.045
1 0.4745 0.4958 0.0323 0.0417
1 0.1708 0.5033 0.1021 0.0633
1 0.4109 0.4942 0.0281 0.035
3 0.8 0.0758 0.0271 0.095
1 0.5286 0.4883 0.0177 0.05
3 0.5682 0.3608 0.024 0.0617
1 0.5479 0.4867 0.0167 0.04
1 0.3432 0.5192 0.0719 0.075
