1 0.1339 0.5125 0.0323 0.0317
1 0.0755 0.5175 0.0365 0.0383
10 0.224 0.505 0.1021 0.18
1 0.5057 0.4892 0.0448 0.035
1 0.3563 0.4567 0.0187 0.02
1 0.4724 0.4825 0.0302 0.0283
4 0.4521 0.3442 0.0167 0.0483
1 0.4385 0.46 0.0229 0.0267
7 0.2927 0.44 0.0167 0.04
1 0.1328 0.5067 0.0365 0.04
1 0.3094 0.4708 0.0229 0.025
1 0.1161 0.4758 0.024 0.035
1 0.437 0.4675 0.0281 0.035
1 0.0786 0.515 0.0406 0.0467
1 0.6443 0.4933 0.0927 0.0433
4 0.4516 0.3467 0.0135 0.0467
1 0.3417 0.5117 0.0479 0.0867
1 0.3573 0.4675 0.0271 0.0217
4 0.5469 0.4175 0.0125 0.035
1 0.149 0.4975 0.0271 0.0383
1 0.399 0.5317 0.0938 0.14
