2 0.5813 0.5367 0.0187 0.08
2 0.5797 0.5367 0.0219 0.08
2 0.8328 0.5775 0.0719 0.2317
1 0.101 0.5533 0.0479 0.0833
2 0.4828 0.5367 0.024 0.0667
0 0.6906 0.535 0.0354 0.1167
2 0.6135 0.5367 0.0208 0.0867
0 0.6562 0.54 0.0271 0.1033
2 0.7198 0.5333 0.0271 0.1
1 0.3745 0.6083 0.201 0.2533
2 0.8115 0.5242 0.0125 0.1017
2 0.7469 0.5317 0.025 0.0967
3 0.5635 0.42 0.0271 0.08
3 0.388 0.2858 0.024 0.075
2 0.6297 0.5358 0.024 0.0917
3 0.276 0.2817 0.025 0.0667
1 0.2094 0.5583 0.1354 0.17
1 0.1417 0.5483 0.0312 0.07
2 0.5964 0.535 0.0198 0.08
