2 0.0974 0.5583 0.0323 0.0967
2 0.8427 0.5333 0.0521 0.2367
1 0.0227 0.5687 0.0443 0.1358
2 0.037 0.5317 0.026 0.0767
1 0.2365 0.5608 0.0896 0.0983
0 0.6401 0.5908 0.0802 0.345
1 0.4349 0.5625 0.1094 0.135
3 0.1115 0.3833 0.0167 0.0533
3 0.5536 0.3483 0.026 0.0767
2 0.7552 0.5458 0.0333 0.1483
2 0.9042 0.5233 0.0479 0.24
1 0.3349 0.55 0.0781 0.0867
4 0.1109 0.3808 0.0219 0.055
2 0.9042 0.5383 0.0375 0.1667
2 0.0995 0.5583 0.0281 0.0867
2 0.7302 0.5342 0.025 0.115
2 0.8448 0.5292 0.0521 0.205
2 0.9052 0.5192 0.0521 0.2217
