7 0.0542 0.4367 0.0187 0.05
1 0.6792 0.51 0.1625 0.0967
2 0.0479 0.5483 0.0104 0.0667
1 0.4031 0.5133 0.0312 0.0333
7 0.4484 0.3208 0.0198 0.055
1 0.5109 0.5117 0.0323 0.0433
10 0.2396 0.5117 0.0563 0.0567
2 0.1172 0.5283 0.0177 0.0633
0 0.0823 0.5375 0.0104 0.0683
2 0.0255 0.5475 0.0177 0.0717
1 0.5115 0.5108 0.0375 0.0383
2 0.5625 0.6075 0.1708 0.435
1 0.2474 0.5325 0.0573 0.0483
1 0.1719 0.525 0.0875 0.0733
2 0.2849 0.5133 0.024 0.0733
0 0.1125 0.5358 0.0312 0.0717
2 0.1021 0.5383 0.0146 0.0767
2 0.0365 0.5475 0.0167 0.0717
2 0.901 0.5983 0.0896 0.415
2 0.0807 0.5383 0.024 0.08
10 0.1734 0.5217 0.0823 0.0833
2 0.5542 0.6092 0.1479 0.425
0 0.0719 0.5383 0.0479 0.08
6 0.6562 0.4083 0.0208 0.0633
2 0.0865 0.5383 0.0167 0.08
1 0.2448 0.5158 0.0625 0.0583
6 0.5193 0.3242 0.0219 0.0683
10 0.3281 0.4817 0.1 0.1467
