10 0.5026 0.4767 0.1115 0.0933
10 0.1646 0.5083 0.1104 0.1133
1 0.325 0.5292 0.025 0.0283
1 0.5875 0.5283 0.1313 0.18
6 0.7781 0.3117 0.0208 0.09
1 0.3266 0.5275 0.0302 0.035
6 0.5818 0.4142 0.0115 0.025
2 0.8911 0.5058 0.0385 0.115
1 0.2016 0.5375 0.0552 0.065
2 0.8917 0.505 0.0396 0.1267
1 0.7167 0.5767 0.225 0.2567
6 0.4578 0.3367 0.0135 0.0467
6 0.776 0.3075 0.0229 0.0783
1 0.3932 0.5458 0.0844 0.1117
7 0.3656 0.3175 0.0146 0.045
1 0.2625 0.5442 0.1 0.1117
6 0.4578 0.3358 0.0156 0.0483
1 0.1927 0.5375 0.05 0.0583
1 0.5719 0.5267 0.0813 0.1767
6 0.5844 0.4117 0.0104 0.0233
