6 0.7526 0.3783 0.0156 0.05
6 0.5323 0.2817 0.0146 0.05
1 0.9109 0.4667 0.0573 0.0667
6 0.4557 0.2708 0.0156 0.0417
0 0.2578 0.47 0.0198 0.0633
6 0.6089 0.2908 0.0156 0.045
7 0.1375 0.3692 0.0229 0.065
0 0.2568 0.4683 0.026 0.08
1 0.9583 0.4875 0.0292 0.0617
7 0.1401 0.37 0.0156 0.0433
6 0.5333 0.2808 0.0146 0.0483
1 0.4917 0.4925 0.1708 0.0983
6 0.6099 0.29 0.0156 0.0467
1 0.9141 0.4642 0.0656 0.045
6 0.751 0.375 0.0146 0.05
7 0.4542 0.2775 0.0125 0.0483
1 0.9615 0.4942 0.025 0.065
1 0.3104 0.4692 0.0521 0.065
