4 0.4396 0.3817 0.0125 0.0433
4 0.5615 0.4242 0.0167 0.035
1 0.4214 0.485 0.049 0.0667
3 0.3922 0.3792 0.0156 0.0383
1 0.287 0.4825 0.0385 0.035
1 0.4516 0.4783 0.0302 0.0433
1 0.3438 0.4892 0.0583 0.065
4 0.5635 0.4317 0.0146 0.0333
5 0.3948 0.3792 0.0146 0.0483
4 0.6 0.41 0.0146 0.0367
10 0.7089 0.4342 0.0427 0.0817
1 0.1026 0.495 0.051 0.0533
4 0.438 0.3792 0.0177 0.0417
1 0.5813 0.5083 0.1208 0.1267
4 0.6005 0.4108 0.0115 0.035
10 0.7448 0.4325 0.0667 0.0983
1 0.1719 0.4892 0.0625 0.035
10 0.8422 0.43 0.1823 0.1367
1 0.4948 0.4783 0.0229 0.03
