1 0.2578 0.5417 0.0615 0.0767
4 0.5177 0.4233 0.0125 0.0433
1 0.3906 0.5817 0.125 0.16
4 0.4151 0.3708 0.0115 0.0383
1 0.2578 0.5383 0.0635 0.07
3 0.3589 0.3708 0.0115 0.035
1 0.4547 0.5425 0.0365 0.1317
7 0.3583 0.3717 0.0167 0.0433
1 0.2953 0.5333 0.0302 0.0467
1 0.5016 0.5217 0.0323 0.0467
1 0.1271 0.5275 0.0688 0.0417
1 0.4786 0.5208 0.0198 0.0517
1 0.1984 0.5192 0.0469 0.0517
2 0.9706 0.5267 0.0578 0.2267
1 0.0583 0.5367 0.0938 0.04
1 0.1984 0.5208 0.0427 0.0583
4 0.5031 0.4408 0.0104 0.0283
1 0.1266 0.525 0.0635 0.05
