1 0.4203 0.5067 0.0531 0.06
1 0.4839 0.495 0.024 0.04
2 0.987 0.495 0.0115 0.0833
1 0.4182 0.5 0.0448 0.0567
1 0.2625 0.5117 0.0708 0.0733
3 0.0714 0.085 0.1094 0.1567
1 0.4609 0.4917 0.0427 0.06
3 0.5703 0.0283 0.026 0.0567
3 0.801 0.0733 0.025 0.09
3 0.5656 0.3608 0.0125 0.0517
2 0.8724 0.4817 0.0219 0.0533
2 0.8661 0.4767 0.024 0.07
4 0.7255 0.41 0.0156 0.0433
1 0.1448 0.5267 0.175 0.1467
1 0.3604 0.4992 0.0375 0.0517
1 0.2573 0.5175 0.0708 0.0883
0 0.963 0.4942 0.026 0.0983
3 0.6526 0.355 0.0156 0.04
