10 0.3281 0.4817 0.1 0.1467
1 0.4651 0.5133 0.0281 0.04
0 0.0547 0.5467 0.0344 0.07
1 0.2474 0.5325 0.0573 0.0483
1 0.9609 0.5242 0.076 0.0717
10 0.1734 0.5217 0.0823 0.0833
2 0.0839 0.5417 0.026 0.0767
7 0.0521 0.4392 0.0208 0.055
0 0.0646 0.5417 0.0167 0.0667
1 0.3891 0.5183 0.024 0.0333
1 0.4245 0.5175 0.0323 0.035
1 0.1719 0.525 0.0875 0.0733
6 0.5188 0.325 0.0229 0.0667
1 0.5453 0.5075 0.0448 0.065
1 0.2448 0.5158 0.0625 0.0583
2 0.0807 0.5383 0.024 0.08
10 0.2385 0.5117 0.0563 0.0567
6 0.6557 0.41 0.0219 0.0633
7 0.4484 0.3233 0.0198 0.0567
1 0.6365 0.5017 0.0521 0.0367
0 0.0823 0.5375 0.0104 0.0683
2 0.2849 0.5133 0.024 0.0733
