2 0.1682 0.5208 0.0135 0.0717
2 0.5323 0.5208 0.0146 0.085
1 0.9409 0.6454 0.1172 0.3125
4 0.499 0.4175 0.0167 0.0383
4 0.5 0.4242 0.0208 0.0617
2 0.5724 0.4967 0.0219 0.07
1 0.4927 0.5142 0.0458 0.065
4 0.2724 0.4358 0.0156 0.0417
2 0.5234 0.5183 0.0177 0.0867
2 0.5547 0.5167 0.0156 0.0933
2 0.5234 0.5233 0.026 0.0967
1 0.4521 0.5267 0.0667 0.1233
1 0.0885 0.5583 0.176 0.1767
1 0.237 0.5267 0.0969 0.0567
2 0.5729 0.5033 0.0146 0.0667
1 0.7078 0.55 0.2031 0.23
1 0.3609 0.5875 0.176 0.2183
1 0.0906 0.5617 0.1771 0.1833
