1 0.7943 0.5008 0.2115 0.135
1 0.7375 0.4583 0.0771 0.04
1 0.9313 0.4958 0.1365 0.1267
4 0.3042 0.2792 0.0208 0.065
1 0.2776 0.5267 0.0302 0.0367
1 0.3932 0.51 0.026 0.0333
7 0.1703 0.2933 0.0198 0.05
1 0.1672 0.5542 0.0469 0.0483
1 0.4161 0.5358 0.0531 0.0683
7 0.1698 0.295 0.0146 0.06
1 0.2776 0.5308 0.0281 0.035
1 0.3688 0.5158 0.0333 0.0517
1 0.3016 0.5258 0.0219 0.0283
4 0.5307 0.3917 0.0198 0.0567
1 0.1698 0.5575 0.0417 0.0483
1 0.8005 0.4975 0.1969 0.135
1 0.3047 0.5308 0.0219 0.0317
4 0.5297 0.4042 0.0177 0.0517
4 0.3042 0.2742 0.0146 0.055
