6 0.6865 0.38 0.0229 0.0367
6 0.3448 0.3967 0.0146 0.0267
6 0.4333 0.3892 0.0146 0.0283
6 0.3438 0.3917 0.0187 0.0333
6 0.3802 0.3925 0.0125 0.0283
1 0.3818 0.495 0.024 0.06
1 0.3646 0.5 0.0208 0.06
1 0.412 0.4975 0.0552 0.0717
6 0.549 0.4233 0.0125 0.0267
6 0.4323 0.3833 0.0146 0.03
1 0.4911 0.5017 0.0594 0.07
6 0.3812 0.3867 0.0146 0.0267
6 0.4693 0.39 0.0135 0.03
6 0.4682 0.3842 0.0198 0.035
1 0.0755 0.4867 0.151 0.3433
1 0.8073 0.4733 0.0813 0.07
1 0.3156 0.4942 0.0833 0.1283
10 0.1745 0.4133 0.224 0.27
