1 0.0865 0.5542 0.0542 0.0817
3 0.3859 0.2808 0.024 0.075
1 0.3917 0.5775 0.1521 0.185
2 0.6464 0.5333 0.0177 0.0967
2 0.4828 0.5317 0.024 0.0667
1 0.1443 0.545 0.0802 0.0833
0 0.6865 0.5375 0.0333 0.115
0 0.7469 0.5317 0.0417 0.1467
1 0.2042 0.5508 0.0458 0.0683
1 0.975 0.55 0.0458 0.0833
2 0.6115 0.5408 0.0208 0.0883
1 0.2651 0.5475 0.101 0.1317
3 0.2656 0.2717 0.025 0.0667
2 0.6323 0.54 0.0187 0.1
2 0.7208 0.5392 0.0271 0.105
3 0.5708 0.415 0.0271 0.08
2 0.6594 0.54 0.0312 0.1067
2 0.8562 0.5242 0.0292 0.0983
