2 0.8578 0.495 0.026 0.1583
2 0.7557 0.5054 0.0385 0.1492
2 0.706 0.5138 0.0318 0.0975
2 0.474 0.4933 0.0104 0.0567
2 0.9568 0.5017 0.0552 0.1567
1 0.513 0.4975 0.0365 0.085
1 0.3 0.4958 0.0208 0.055
1 0.3214 0.495 0.0156 0.0367
1 0.3526 0.4967 0.0302 0.0467
2 0.9122 0.515 0.0234 0.12
1 0.2094 0.5125 0.0396 0.085
1 0.4422 0.4925 0.026 0.0483
2 0.8029 0.5033 0.0318 0.145
1 0.2396 0.5083 0.0396 0.0767
1 0.2724 0.4967 0.024 0.0567
1 0.4016 0.5075 0.0844 0.1183
1 0.4854 0.5017 0.0146 0.0567
1 0.35 0.4925 0.0333 0.0583
1 0.1292 0.5233 0.1646 0.0933
1 0.5312 0.5017 0.0396 0.0733
2 0.7271 0.5021 0.025 0.1442
