1 0.3974 0.4992 0.0323 0.045
1 0.437 0.5042 0.026 0.0517
1 0.3365 0.5133 0.075 0.08
6 0.5661 0.3642 0.0135 0.0417
6 0.0823 0.0783 0.1646 0.1567
6 0.8016 0.0767 0.0281 0.09
1 0.0875 0.5308 0.0375 0.0517
6 0.0651 0.0675 0.076 0.125
3 0.801 0.0767 0.05 0.1167
1 0.813 0.4975 0.0302 0.0417
2 0.9615 0.4933 0.0229 0.1
1 0.1708 0.5033 0.1021 0.0633
1 0.475 0.495 0.0271 0.0367
6 0.6526 0.3575 0.0094 0.0383
3 0.5734 0.03 0.0281 0.0567
1 0.8615 0.4908 0.0854 0.055
1 0.0938 0.4992 0.0417 0.0317
1 0.3974 0.5033 0.0469 0.03
3 0.5682 0.3608 0.024 0.0617
1 0.4339 0.4983 0.0302 0.0267
1 0.2161 0.5133 0.0615 0.0767
1 0.2667 0.5258 0.1042 0.0783
