1 0.4932 0.4983 0.0198 0.04
6 0.8016 0.07 0.024 0.09
1 0.1 0.5133 0.0271 0.0267
3 0.5656 0.3608 0.0125 0.0517
1 0.4172 0.505 0.0531 0.0733
2 0.8479 0.4758 0.0312 0.0883
6 0.726 0.4067 0.0146 0.0433
1 0.3505 0.4925 0.0115 0.0483
1 0.3661 0.4933 0.0531 0.05
2 0.8599 0.4833 0.024 0.0567
6 0.6526 0.355 0.0156 0.04
2 0.9745 0.4792 0.0302 0.155
3 0.5703 0.0292 0.026 0.0567
1 0.4677 0.4925 0.0417 0.0417
0 0.9672 0.4925 0.0302 0.1017
2 0.9911 0.4817 0.0115 0.0833
6 0.7297 0.4083 0.0135 0.0267
1 0.0492 0.5475 0.0974 0.12
1 0.1766 0.4958 0.0885 0.0683
10 0.6672 0.4625 0.1177 0.0883
1 0.0922 0.4858 0.0323 0.025
