1 0.3948 0.6092 0.1938 0.225
2 0.7083 0.5383 0.0312 0.1533
2 0.1979 0.555 0.025 0.0733
1 0.1104 0.5617 0.1625 0.1567
2 0.1927 0.5517 0.0208 0.0767
2 0.7089 0.5342 0.026 0.155
1 0.2885 0.5433 0.0563 0.07
4 0.1938 0.425 0.0208 0.0633
4 0.5125 0.4008 0.0187 0.0583
2 0.6146 0.5467 0.0187 0.1867
1 0.3438 0.5342 0.0604 0.095
2 0.5953 0.5558 0.0427 0.185
2 0.6833 0.5367 0.0271 0.17
2 0.637 0.5492 0.0323 0.1517
1 0.5052 0.5508 0.1479 0.155
2 0.9349 0.5229 0.0573 0.1158
2 0.8956 0.5088 0.037 0.1625
1 0.8161 0.5208 0.0948 0.105
