1 0.7078 0.5367 0.0677 0.0633
1 0.8521 0.5525 0.1792 0.1517
4 0.5188 0.245 0.0292 0.0733
1 0.1771 0.545 0.0333 0.0433
1 0.237 0.5425 0.0385 0.045
1 0.1344 0.5467 0.0646 0.0633
7 0.2406 0.2225 0.0229 0.1017
4 0.5177 0.26 0.0187 0.04
1 0.4948 0.5317 0.0271 0.0567
1 0.6583 0.5383 0.0417 0.0767
1 0.6193 0.5333 0.0365 0.07
1 0.4068 0.5225 0.0344 0.045
1 0.5365 0.5508 0.0938 0.1017
6 0.2458 0.2133 0.0187 0.0433
4 0.7698 0.41 0.0208 0.0367
1 0.7052 0.5392 0.0833 0.0717
4 0.3896 0.2483 0.0167 0.0367
1 0.663 0.5358 0.0531 0.0783
1 0.7714 0.3908 0.0198 0.0717
1 0.9437 0.5687 0.1115 0.1358
4 0.388 0.2283 0.0198 0.0767
1 0.1318 0.5425 0.074 0.0783
1 0.4401 0.52 0.026 0.04
