1 0.7021 0.5283 0.1354 0.1567
1 0.3745 0.49 0.1135 0.1433
1 0.8823 0.4908 0.075 0.0717
1 0.6156 0.5092 0.0667 0.085
1 0.6062 0.5108 0.0625 0.1017
7 0.151 0.4067 0.0229 0.0567
6 0.7146 0.3775 0.0229 0.0583
6 0.487 0.3242 0.0135 0.0517
1 0.4427 0.4842 0.0292 0.0417
3 0.4089 0.3633 0.0156 0.0367
1 0.4453 0.49 0.0385 0.0633
1 0.0615 0.4942 0.1208 0.105
2 0.8302 0.4992 0.0292 0.0817
6 0.6005 0.4108 0.0177 0.0417
1 0.0594 0.5025 0.1187 0.085
1 0.4974 0.5092 0.0885 0.1217
6 0.7172 0.3625 0.0219 0.0417
2 0.826 0.495 0.0312 0.09
