1 0.25 0.5442 0.15 0.155
4 0.5641 0.43 0.0177 0.0633
1 0.7792 0.5042 0.0542 0.0683
1 0.3583 0.5117 0.0437 0.0767
3 0.2469 0.3533 0.0187 0.05
4 0.4448 0.3633 0.0333 0.0767
1 0.463 0.555 0.1948 0.2367
4 0.5682 0.4192 0.0177 0.045
1 0.7656 0.515 0.0312 0.0733
3 0.3057 0.3567 0.0198 0.0667
4 0.3823 0.36 0.0187 0.0567
1 0.0594 0.4975 0.0729 0.0983
7 0.2469 0.3517 0.0229 0.0633
3 0.3859 0.355 0.0177 0.0467
1 0.0995 0.5333 0.199 0.5367
6 0.4443 0.3533 0.0177 0.05
1 0.1948 0.4408 0.1542 0.1083
1 0.8646 0.5333 0.2083 0.2433
