1 0.7698 0.5008 0.0375 0.0917
3 0.5667 0.3608 0.0146 0.0517
0 0.6555 0.4963 0.0089 0.0342
1 0.3286 0.5175 0.0698 0.0783
3 0.0714 0.085 0.1094 0.1567
3 0.8005 0.0742 0.026 0.0917
3 0.5703 0.0292 0.026 0.0567
1 0.1406 0.5183 0.1812 0.1467
3 0.6526 0.3558 0.0156 0.0417
10 0.2557 0.4708 0.1031 0.0817
1 0.9432 0.5108 0.0948 0.1283
1 0.7214 0.5058 0.0719 0.0917
1 0.4776 0.4958 0.0344 0.0383
4 0.7255 0.4133 0.0156 0.0467
1 0.4813 0.5 0.0229 0.0333
1 0.3359 0.5125 0.0844 0.085
1 0.4484 0.4942 0.0344 0.0317
1 0.8276 0.5083 0.1323 0.1433
1 0.4156 0.4967 0.05 0.0433
