4 0.437 0.445 0.0135 0.04
3 0.324 0.2717 0.0229 0.06
3 0.9667 0.3192 0.0208 0.0617
1 0.3719 0.6092 0.1896 0.235
1 0.6229 0.55 0.0417 0.11
4 0.4375 0.4475 0.0167 0.0317
4 0.9089 0.3933 0.0198 0.0633
1 0.5479 0.525 0.0354 0.0467
4 0.3984 0.4167 0.0177 0.0333
1 0.9786 0.8158 0.0365 0.3517
1 0.0693 0.55 0.1375 0.07
1 0.6016 0.5283 0.0344 0.0633
1 0.2146 0.5383 0.0312 0.04
3 0.2448 0.335 0.0187 0.07
4 0.3995 0.4133 0.0135 0.0367
3 0.9089 0.3442 0.0198 0.0417
4 0.6594 0.4742 0.0125 0.0317
1 0.1688 0.545 0.0563 0.0533
1 0.5047 0.5375 0.0365 0.0717
4 0.5328 0.4008 0.0177 0.045
4 0.5312 0.3983 0.0125 0.0333
1 0.5615 0.5442 0.0729 0.095
1 0.901 0.57 0.1854 0.2467
1 0.1641 0.5383 0.0469 0.0433
1 0.7188 0.6058 0.2604 0.275
