2 0.8531 0.5238 0.0365 0.1775
1 0.6823 0.545 0.1708 0.18
6 0.3937 0.4667 0.0167 0.02
1 0.4016 0.5408 0.1177 0.1683
2 0.8979 0.5333 0.0437 0.1583
1 0.5667 0.535 0.0333 0.0767
1 0.5984 0.5317 0.0615 0.1233
1 0.6849 0.5483 0.1719 0.1733
1 0.15 0.5133 0.0625 0.0733
1 0.0698 0.5342 0.0688 0.0517
1 0.4542 0.5292 0.0563 0.0883
6 0.5016 0.4658 0.0135 0.0283
1 0.1432 0.5175 0.0594 0.0917
1 0.5635 0.5433 0.0333 0.0733
1 0.0786 0.5417 0.0594 0.0633
1 0.5953 0.5392 0.0635 0.1183
1 0.5302 0.5267 0.0271 0.05
1 0.5214 0.5217 0.0302 0.05
