0 0.5333 0.5025 0.025 0.075
1 0.1255 0.5 0.0677 0.05
4 0.3714 0.3667 0.0177 0.0433
0 0.5344 0.4892 0.025 0.0883
1 0.4578 0.5142 0.0927 0.1217
7 0.3135 0.3633 0.0208 0.0333
4 0.3714 0.3658 0.0156 0.035
1 0.3568 0.4975 0.0406 0.0917
1 0.8396 0.4742 0.0479 0.0417
4 0.5391 0.4317 0.0135 0.03
4 0.4161 0.3725 0.0177 0.045
1 0.1667 0.4933 0.0292 0.0533
1 0.3573 0.5008 0.0354 0.105
4 0.5656 0.4175 0.0187 0.065
4 0.4198 0.3667 0.0146 0.0367
1 0.8401 0.475 0.0406 0.0633
1 0.2776 0.4908 0.1344 0.1517
7 0.3099 0.3692 0.0219 0.055
4 0.5594 0.4158 0.0167 0.0417
