6 0.5245 0.3567 0.0135 0.0467
1 0.1167 0.5317 0.0417 0.06
1 0.8833 0.5125 0.2313 0.195
7 0.3443 0.3283 0.0198 0.06
1 0.1109 0.5417 0.0385 0.0433
3 0.6286 0.4158 0.0156 0.0417
1 0.8828 0.4858 0.2281 0.265
1 0.3599 0.5592 0.1385 0.1783
1 0.5411 0.5317 0.0698 0.1733
1 0.6953 0.5842 0.2531 0.2783
1 0.2656 0.5225 0.0417 0.0617
6 0.4427 0.3317 0.0167 0.06
6 0.5255 0.3525 0.0219 0.0483
1 0.562 0.5417 0.0969 0.1867
6 0.6255 0.42 0.0198 0.0467
6 0.4437 0.34 0.0208 0.0633
7 0.3448 0.3258 0.0187 0.0483
1 0.3563 0.5633 0.1333 0.18
1 0.2745 0.5225 0.0365 0.0517
