10 0.5333 0.5017 0.0646 0.1267
4 0.7083 0.4225 0.0125 0.0383
1 0.4516 0.5275 0.051 0.0583
1 0.3802 0.5308 0.0563 0.0583
4 0.7078 0.4275 0.0219 0.0717
6 0.4896 0.3217 0.0167 0.0467
7 0.1776 0.4358 0.0135 0.0383
0 0.6714 0.5142 0.0198 0.055
1 0.3828 0.5325 0.0531 0.0583
4 0.8547 0.335 0.024 0.0733
1 0.5359 0.5033 0.0677 0.12
4 0.8526 0.3258 0.0385 0.105
1 0.5745 0.5133 0.0344 0.0567
4 0.575 0.3242 0.0187 0.0583
1 0.649 0.5092 0.0375 0.045
1 0.0453 0.5679 0.0896 0.1275
1 0.7974 0.5117 0.1177 0.0733
1 0.4786 0.5225 0.0427 0.055
1 0.4797 0.5233 0.0344 0.0533
2 0.9716 0.5171 0.0214 0.1275
7 0.1807 0.44 0.024 0.0667
4 0.574 0.3192 0.0146 0.0483
1 0.1211 0.5546 0.0984 0.0825
7 0.4906 0.3283 0.0125 0.0333
1 0.2885 0.5258 0.0646 0.0483
