1 0.5083 0.5383 0.0833 0.1033
1 0.7156 0.5492 0.1375 0.1317
6 0.4604 0.4008 0.0125 0.035
1 0.3359 0.5267 0.0323 0.0567
1 0.1214 0.5433 0.0844 0.07
1 0.2687 0.5208 0.0271 0.045
1 0.5844 0.5092 0.0938 0.105
7 0.3266 0.3725 0.0177 0.035
1 0.3724 0.5392 0.0573 0.075
6 0.4625 0.4008 0.0146 0.0383
3 0.5339 0.4458 0.0135 0.035
1 0.1526 0.525 0.024 0.04
6 0.399 0.3808 0.0146 0.0383
6 0.7323 0.4092 0.0208 0.0517
6 0.4 0.3825 0.0167 0.0383
1 0.3734 0.5308 0.0594 0.0717
1 0.4625 0.5258 0.0437 0.085
1 0.1208 0.55 0.0938 0.0833
1 0.5833 0.52 0.0792 0.1067
1 0.2672 0.5167 0.0302 0.05
6 0.7302 0.405 0.025 0.08
7 0.3281 0.3808 0.0167 0.0417
