6 0.3885 0.3658 0.0125 0.0283
1 0.3391 0.49 0.0302 0.07
6 0.576 0.4083 0.0125 0.0267
10 0.138 0.4183 0.1906 0.29
6 0.3417 0.3617 0.0187 0.0333
1 0.4583 0.4808 0.0563 0.0483
1 0.8 0.4608 0.0396 0.055
6 0.4875 0.37 0.0146 0.0267
1 0.3651 0.4875 0.0219 0.045
6 0.4448 0.3658 0.0146 0.0283
6 0.3453 0.3708 0.0135 0.035
1 0.5177 0.4992 0.0896 0.115
6 0.4448 0.3617 0.0146 0.03
6 0.7656 0.3367 0.0229 0.0367
6 0.4875 0.3567 0.0187 0.0367
6 0.3854 0.3633 0.0146 0.0267
1 0.4042 0.4817 0.0667 0.1067
1 0.4562 0.4783 0.0667 0.0433
1 0.2656 0.4717 0.1271 0.16
1 0.0432 0.4875 0.0865 0.265
1 0.7333 0.4683 0.0979 0.0767
