1 0.5385 0.5033 0.0604 0.0433
1 0.7151 0.5267 0.099 0.14
7 0.6198 0.2258 0.0167 0.0517
6 0.6443 0.4017 0.0156 0.0467
1 0.3646 0.5025 0.0563 0.0383
6 0.7068 0.3917 0.0156 0.04
1 0.6146 0.4917 0.0354 0.0367
6 0.6188 0.2267 0.0146 0.0467
1 0.4125 0.5133 0.0292 0.0533
1 0.2698 0.5133 0.0979 0.0967
6 0.8964 0.3708 0.0156 0.0417
1 0.8411 0.5483 0.2469 0.2867
1 0.6115 0.4883 0.0333 0.0433
1 0.6906 0.5233 0.0604 0.1333
1 0.2698 0.5117 0.1125 0.11
6 0.7427 0.2608 0.0167 0.0417
6 0.7094 0.39 0.0146 0.04
6 0.6411 0.3908 0.0156 0.0383
1 0.3646 0.5125 0.0563 0.0517
1 0.4161 0.5142 0.0469 0.0483
2 0.9922 0.5108 0.0135 0.0783
6 0.4354 0.435 0.0271 0.0833
6 0.9031 0.3758 0.0187 0.0517
6 0.7427 0.265 0.0187 0.0567
6 0.4313 0.4408 0.0208 0.075
1 0.5745 0.4983 0.026 0.0467
