4 0.451 0.4067 0.0125 0.03
1 0.1661 0.5475 0.0573 0.0617
1 0.1141 0.5617 0.0844 0.0633
4 0.5255 0.4692 0.0135 0.0383
4 0.399 0.4133 0.0146 0.0333
1 0.3203 0.5333 0.0219 0.0233
1 0.2703 0.54 0.0281 0.0367
1 0.5083 0.53 0.0354 0.0433
1 0.6651 0.5092 0.0885 0.055
1 0.4156 0.5408 0.0667 0.0883
4 0.3979 0.4125 0.0125 0.0317
1 0.1099 0.5333 0.0677 0.0533
4 0.5255 0.4658 0.0115 0.0283
1 0.3365 0.53 0.0146 0.0267
1 0.3021 0.5367 0.025 0.03
1 0.2698 0.5383 0.0375 0.0367
4 0.4516 0.4075 0.0135 0.0283
1 0.1979 0.5467 0.0292 0.0467
