1 0.1094 0.535 0.025 0.0333
1 0.1359 0.5367 0.0365 0.04
1 0.6677 0.5258 0.0625 0.1017
1 0.6615 0.525 0.0458 0.09
4 0.4313 0.4442 0.0167 0.045
2 0.9547 0.535 0.0198 0.1
1 0.2073 0.5217 0.0521 0.04
10 0.7682 0.4667 0.1823 0.3233
1 0.925 0.55 0.0229 0.09
4 0.363 0.345 0.0198 0.0733
1 0.5422 0.5733 0.1802 0.25
1 0.274 0.525 0.0542 0.05
1 0.1927 0.535 0.0563 0.04
1 0.1365 0.5383 0.0583 0.0633
1 0.3484 0.5317 0.051 0.0533
4 0.6474 0.465 0.0156 0.0333
4 0.4297 0.4408 0.024 0.055
2 0.9812 0.53 0.0333 0.1133
