1 0.4573 0.5125 0.0521 0.085
6 0.076 0.365 0.0187 0.0367
1 0.2693 0.4833 0.0552 0.0667
1 0.5135 0.5017 0.0625 0.15
6 0.1302 0.37 0.0187 0.0333
1 0.6042 0.5225 0.1167 0.165
1 0.1943 0.4833 0.0448 0.05
6 0.1333 0.3692 0.0146 0.0417
1 0.5255 0.5075 0.0948 0.135
6 0.2052 0.425 0.0146 0.03
1 0.1635 0.485 0.0312 0.0533
1 0.7719 0.5592 0.2521 0.2017
1 0.038 0.4867 0.0344 0.05
1 0.2344 0.4867 0.0271 0.0633
1 0.5922 0.5283 0.1031 0.19
1 0.2734 0.4767 0.0594 0.0667
1 0.4005 0.4942 0.0594 0.0617
1 0.1948 0.4833 0.0479 0.0467
1 0.1667 0.4792 0.0292 0.0483
6 0.2094 0.4258 0.0146 0.0317
1 0.775 0.5775 0.2646 0.2583
7 0.0781 0.3683 0.0187 0.0433
1 0.3401 0.4933 0.0885 0.11
