1 0.6401 0.4875 0.0365 0.0483
1 0.6062 0.4842 0.0396 0.065
3 0.0823 0.0783 0.1646 0.1567
1 0.8167 0.505 0.1375 0.17
1 0.487 0.4958 0.0385 0.045
1 0.1479 0.5167 0.1604 0.14
8 0.801 0.0767 0.05 0.1167
1 0.6641 0.4858 0.0344 0.035
3 0.6526 0.3558 0.0156 0.0417
1 0.4443 0.4983 0.024 0.04
1 0.6703 0.49 0.0177 0.0567
1 0.7286 0.505 0.076 0.0867
3 0.8005 0.0742 0.026 0.0917
1 0.1984 0.4975 0.0552 0.0817
3 0.5625 0.3708 0.025 0.0717
1 0.7245 0.5167 0.0677 0.1133
4 0.726 0.4142 0.0167 0.0483
1 0.6359 0.4925 0.049 0.055
1 0.1286 0.5217 0.1865 0.1433
1 0.3948 0.5133 0.0563 0.0633
2 0.9812 0.4942 0.025 0.1317
1 0.6 0.4842 0.05 0.055
2 0.9776 0.4842 0.0302 0.095
