2 0.4792 0.5425 0.025 0.075
0 0.8141 0.5533 0.0573 0.1767
2 0.8161 0.5517 0.026 0.1367
1 0.1807 0.57 0.0802 0.07
2 0.6583 0.555 0.0229 0.12
3 0.5859 0.4058 0.0219 0.0783
4 0.3745 0.2467 0.026 0.0733
1 0.3125 0.56 0.0646 0.09
1 0.0969 0.5667 0.0875 0.0867
2 0.8714 0.5508 0.026 0.1283
0 0.8094 0.55 0.0333 0.1733
1 0.4005 0.57 0.099 0.13
5 0.2328 0.2417 0.024 0.08
2 0.6859 0.5517 0.024 0.1133
2 0.7161 0.5467 0.026 0.1167
10 0.2266 0.5225 0.0719 0.115
2 0.476 0.5458 0.0167 0.055
1 0.0354 0.5683 0.0604 0.0867
3 0.3719 0.25 0.025 0.08
3 0.2307 0.2425 0.0302 0.0783
1 0.2719 0.5592 0.0125 0.045
