2 0.7911 0.5158 0.0281 0.0883
2 0.8271 0.5208 0.0271 0.0783
2 0.7031 0.5233 0.0208 0.0867
6 0.3911 0.2867 0.024 0.0767
2 0.5453 0.5167 0.0198 0.08
2 0.7245 0.5217 0.0198 0.0867
7 0.2797 0.28 0.024 0.0667
2 0.8245 0.5208 0.0344 0.085
2 0.5297 0.5208 0.026 0.0783
1 0.1211 0.5454 0.0682 0.0725
2 0.8156 0.5058 0.0187 0.065
2 0.687 0.5292 0.0219 0.0783
2 0.5719 0.5183 0.0229 0.08
0 0.6557 0.5258 0.0323 0.0883
2 0.9693 0.52 0.0385 0.17
1 0.1786 0.5375 0.049 0.0617
1 0.3286 0.6542 0.326 0.425
6 0.5635 0.4125 0.0271 0.0717
2 0.8167 0.5167 0.0167 0.07
2 0.4995 0.5275 0.026 0.0783
