1 0.3646 0.56 0.0896 0.1133
1 0.7562 0.5542 0.2021 0.2517
2 0.8896 0.525 0.0146 0.1133
7 0.4911 0.3258 0.0156 0.0483
4 0.5745 0.3208 0.0135 0.0483
2 0.8714 0.525 0.0281 0.1267
1 0.5271 0.5408 0.075 0.0917
7 0.4911 0.3275 0.0156 0.0483
4 0.7026 0.4192 0.0135 0.045
7 0.213 0.4308 0.0156 0.0483
1 0.2599 0.5783 0.1948 0.2133
1 0.0591 0.58 0.1172 0.1167
1 0.6505 0.5017 0.051 0.05
3 0.8536 0.305 0.026 0.1033
2 0.9057 0.5133 0.024 0.1233
2 0.8677 0.5233 0.025 0.12
2 0.9286 0.5125 0.0302 0.1317
7 0.213 0.4233 0.0135 0.0333
1 0.6661 0.5433 0.0448 0.1367
