1 0.0745 0.5542 0.0531 0.065
1 0.249 0.54 0.0792 0.0567
1 0.7719 0.5058 0.15 0.1017
1 0.9323 0.4842 0.1333 0.1283
1 0.0276 0.56 0.0552 0.0733
1 0.4276 0.5367 0.0406 0.09
1 0.3604 0.5508 0.1083 0.155
7 0.3703 0.4475 0.0177 0.0417
6 0.4896 0.4542 0.0167 0.0383
1 0.9141 0.4967 0.0802 0.1133
1 0.0281 0.5583 0.0563 0.0733
7 0.3677 0.4467 0.0125 0.0367
1 0.0786 0.55 0.0531 0.0633
1 0.9484 0.5025 0.101 0.1283
6 0.488 0.4558 0.0115 0.035
1 0.7771 0.5017 0.1354 0.1
6 0.5573 0.4142 0.0146 0.045
6 0.5573 0.42 0.0167 0.0567
6 0.4557 0.4033 0.0156 0.04
1 0.9453 0.4992 0.1052 0.125
6 0.4557 0.4033 0.0115 0.03
