2 0.738 0.505 0.0156 0.1267
10 0.4458 0.4783 0.0479 0.11
1 0.2005 0.5258 0.074 0.1117
2 0.4052 0.5483 0.0521 0.2933
1 0.1375 0.5275 0.0938 0.1383
1 0.074 0.5608 0.1 0.1817
2 0.349 0.5008 0.0146 0.0983
10 0.5099 0.45 0.0531 0.09
10 0.5073 0.4742 0.0521 0.1217
2 0.7297 0.4983 0.0281 0.1333
2 0.7281 0.5025 0.0208 0.125
1 0.5005 0.5117 0.0469 0.06
1 0.9276 0.56 0.1427 0.2267
2 0.3698 0.5508 0.0417 0.3083
1 0.1266 0.5517 0.0823 0.17
1 0.1698 0.535 0.0417 0.1333
2 0.3224 0.5017 0.0177 0.1067
2 0.3203 0.5017 0.0219 0.12
2 0.9656 0.66 0.0677 0.5983
2 0.3505 0.5067 0.0198 0.12
1 0.201 0.5292 0.0667 0.115
1 0.2958 0.5075 0.0938 0.0783
1 0.5 0.5117 0.0417 0.0567
1 0.0646 0.5617 0.1281 0.1867
