2 0.5563 0.5142 0.0146 0.1083
2 0.5448 0.525 0.025 0.1067
1 0.3161 0.6392 0.2802 0.3417
2 0.6229 0.4892 0.0187 0.055
2 0.7344 0.4567 0.0208 0.06
1 0.4609 0.5342 0.0844 0.1717
2 0.5771 0.5125 0.0208 0.115
2 0.0786 0.5275 0.0156 0.055
1 0.1526 0.5375 0.1115 0.0717
2 0.5984 0.5112 0.0146 0.0858
1 0.8464 0.5742 0.2948 0.4083
2 0.0521 0.5458 0.0208 0.0817
2 0.0646 0.5358 0.0208 0.075
2 0.5766 0.4983 0.0219 0.07
4 0.5083 0.4075 0.0208 0.0617
4 0.2573 0.4217 0.0229 0.0567
1 0.5078 0.5108 0.0594 0.0617
