7 0.5323 0.37 0.0125 0.0333
1 0.338 0.5375 0.0281 0.035
4 0.7094 0.4467 0.0229 0.0467
1 0.075 0.5517 0.0813 0.0567
10 0.5396 0.5067 0.0646 0.1267
1 0.7755 0.5192 0.0948 0.0583
4 0.7094 0.4458 0.0125 0.0383
4 0.7573 0.4008 0.0229 0.075
4 0.6021 0.3658 0.0187 0.0583
1 0.2427 0.5467 0.0813 0.07
6 0.5323 0.37 0.0167 0.0467
1 0.3635 0.5308 0.0563 0.055
4 0.6026 0.365 0.0156 0.0433
7 0.2833 0.4542 0.0125 0.0383
1 0.5391 0.5042 0.0802 0.135
1 0.4974 0.5292 0.0344 0.045
4 0.7557 0.4025 0.026 0.0717
1 0.5776 0.52 0.0344 0.0567
7 0.287 0.4617 0.024 0.0667
0 0.6828 0.5225 0.0198 0.055
2 0.8508 0.5154 0.0161 0.0675
1 0.7135 0.5133 0.0312 0.0433
1 0.6448 0.5175 0.0375 0.045
1 0.0672 0.555 0.0927 0.0533
