1 0.787 0.6183 0.351 0.3467
1 0.938 0.5192 0.0885 0.075
3 0.6797 0.435 0.0198 0.0567
3 0.4156 0.3392 0.0167 0.055
3 0.4927 0.3317 0.0167 0.0467
1 0.6286 0.5542 0.0698 0.1217
1 0.3589 0.5625 0.176 0.2417
10 0.0453 0.5375 0.0865 0.085
1 0.9422 0.52 0.0802 0.06
1 0.2609 0.5567 0.0677 0.13
3 0.4141 0.3275 0.026 0.0583
1 0.6271 0.545 0.0458 0.1167
3 0.3167 0.3417 0.0208 0.05
1 0.5328 0.5133 0.076 0.0967
1 0.1984 0.5433 0.0552 0.0567
3 0.9391 0.26 0.0469 0.14
3 0.4927 0.3317 0.0271 0.0733
1 0.4818 0.5117 0.0094 0.03
10 0.1073 0.5308 0.0667 0.085
1 0.4484 0.54 0.0385 0.12
1 0.0359 0.5392 0.0719 0.0717
1 0.4495 0.5367 0.0531 0.18
