6 0.1885 0.3667 0.0187 0.0333
6 0.1271 0.3617 0.0187 0.0367
7 0.1302 0.365 0.0187 0.0433
6 0.1917 0.3692 0.0146 0.0417
1 0.313 0.4817 0.0552 0.0667
6 0.2677 0.4233 0.0146 0.03
1 0.2812 0.485 0.0271 0.0633
1 0.2354 0.4908 0.0604 0.065
1 0.05 0.5017 0.0354 0.0567
6 0.2672 0.4283 0.0156 0.0333
1 0.1385 0.49 0.0729 0.0567
1 0.6547 0.5083 0.1802 0.1867
1 0.237 0.4867 0.0615 0.0667
1 0.4688 0.5008 0.0833 0.0783
1 0.2083 0.485 0.0312 0.05
1 0.6219 0.5142 0.1125 0.205
1 0.3792 0.4958 0.1167 0.1717
1 0.7984 0.58 0.249 0.35
1 0.5458 0.525 0.0646 0.1067
1 0.8234 0.5458 0.3177 0.2583
1 0.2042 0.4908 0.0292 0.0483
1 0.0526 0.5 0.0302 0.05
1 0.3125 0.4833 0.0479 0.08
