6 0.7266 0.4017 0.0156 0.0433
2 0.8167 0.4758 0.0312 0.0883
2 0.9755 0.4775 0.0302 0.155
1 0.1568 0.5133 0.1656 0.1433
1 0.4198 0.4942 0.0292 0.0383
6 0.6531 0.355 0.0146 0.04
1 0.4698 0.4908 0.0354 0.0483
3 0.5667 0.3608 0.0125 0.0517
6 0.7297 0.4067 0.0135 0.0267
6 0.7984 0.0742 0.024 0.0917
3 0.5703 0.0283 0.026 0.0567
1 0.4177 0.4925 0.0417 0.055
1 0.5318 0.485 0.0469 0.0533
2 0.9911 0.4817 0.0115 0.0833
0 0.9724 0.4925 0.026 0.1017
1 0.1594 0.5058 0.1812 0.1717
2 0.8161 0.4783 0.024 0.0567
