1 0.4984 0.4967 0.0302 0.0467
2 0.7234 0.5125 0.026 0.0883
4 0.787 0.3117 0.0344 0.0967
1 0.1292 0.5025 0.0667 0.0617
4 0.401 0.33 0.0125 0.0433
5 0.3224 0.3225 0.0177 0.045
1 0.3896 0.495 0.0354 0.04
1 0.2073 0.4975 0.0563 0.0583
1 0.299 0.485 0.0396 0.0533
5 0.3229 0.3208 0.0146 0.0483
1 0.4464 0.4917 0.0302 0.0433
4 0.6115 0.4183 0.0146 0.04
1 0.2687 0.4933 0.0604 0.0567
1 0.2703 0.495 0.049 0.0567
4 0.7865 0.3175 0.0271 0.105
4 0.4016 0.3275 0.0177 0.0417
1 0.4318 0.4967 0.0344 0.05
4 0.6099 0.4217 0.0135 0.04
