6 0.4464 0.4083 0.0156 0.04
1 0.8401 0.6142 0.3156 0.3117
1 0.1219 0.5408 0.0542 0.0683
1 0.0797 0.54 0.0469 0.07
1 0.0776 0.5408 0.0406 0.055
1 0.3615 0.5342 0.1083 0.155
1 0.0245 0.5358 0.049 0.0717
6 0.5365 0.425 0.0167 0.0567
6 0.4474 0.405 0.0115 0.03
1 0.424 0.5308 0.0375 0.085
1 0.1172 0.5392 0.0469 0.0617
7 0.3714 0.4492 0.0135 0.0317
6 0.4786 0.4508 0.0115 0.035
1 0.7063 0.505 0.1125 0.0867
6 0.5365 0.4225 0.0146 0.045
7 0.3708 0.4408 0.0187 0.0283
6 0.4786 0.45 0.0177 0.03
1 0.6943 0.5058 0.1031 0.0883
