10 0.2365 0.5 0.0583 0.1033
2 0.8844 0.5308 0.0292 0.0983
1 0.0719 0.5575 0.0542 0.0817
0 0.812 0.5433 0.0594 0.1667
2 0.674 0.54 0.0312 0.1067
2 0.763 0.5425 0.0323 0.1183
2 0.4818 0.5342 0.024 0.0717
1 0.1323 0.555 0.0813 0.0867
1 0.287 0.55 0.0885 0.1267
1 0.2057 0.555 0.0698 0.07
2 0.7385 0.5467 0.0333 0.1133
3 0.3849 0.2775 0.024 0.075
0 0.7161 0.5433 0.0427 0.13
3 0.2604 0.2633 0.025 0.0667
3 0.574 0.4167 0.0271 0.08
1 0.3974 0.57 0.1323 0.16
2 0.6224 0.54 0.0219 0.0967
2 0.6453 0.5433 0.0219 0.1067
