1 0.3875 0.4783 0.025 0.04
6 0.7344 0.3958 0.0146 0.045
1 0.3458 0.4717 0.05 0.0567
6 0.912 0.3258 0.026 0.0817
1 0.675 0.4917 0.1229 0.07
6 0.5453 0.3075 0.0156 0.0417
1 0.4286 0.4758 0.049 0.0617
6 0.6078 0.3167 0.0156 0.0433
6 0.6099 0.3192 0.0156 0.045
6 0.4786 0.3108 0.0156 0.0417
6 0.7344 0.3942 0.0167 0.0417
6 0.4755 0.3025 0.0135 0.0317
1 0.8859 0.4633 0.0406 0.04
7 0.2005 0.39 0.0156 0.0433
1 0.8828 0.4717 0.0573 0.0667
1 0.9865 0.4817 0.025 0.0633
1 0.9859 0.49 0.026 0.0633
7 0.2021 0.3925 0.0229 0.065
0 0.3026 0.4683 0.0198 0.0633
1 0.3844 0.4783 0.0375 0.0467
6 0.5427 0.3092 0.0146 0.0483
6 0.9151 0.3208 0.0219 0.065
