1 0.4203 0.5342 0.0531 0.0683
4 0.5052 0.43 0.0125 0.0333
1 0.3698 0.5175 0.0354 0.0517
1 0.2625 0.5392 0.0271 0.0283
1 0.0633 0.5692 0.1255 0.155
1 0.6786 0.5033 0.1365 0.09
7 0.2505 0.3525 0.0115 0.0317
1 0.851 0.4558 0.0292 0.0317
7 0.2521 0.3533 0.0146 0.04
1 0.2641 0.5367 0.0281 0.04
1 0.3302 0.52 0.0167 0.02
1 0.7516 0.5033 0.1281 0.0867
4 0.5068 0.4342 0.0115 0.0317
1 0.3953 0.5133 0.026 0.0333
1 0.6667 0.5033 0.1146 0.0933
4 0.3453 0.3492 0.0115 0.0383
1 0.762 0.5067 0.124 0.0833
4 0.3458 0.3442 0.0146 0.0417
1 0.3161 0.5242 0.0219 0.0217
