1 0.4745 0.4708 0.0344 0.045
10 0.225 0.4958 0.1021 0.185
4 0.4943 0.3258 0.0156 0.045
5 0.1536 0.4733 0.0281 0.0733
1 0.3276 0.4617 0.0219 0.0233
1 0.375 0.4625 0.0271 0.0217
1 0.4281 0.5267 0.0938 0.14
4 0.4938 0.3275 0.0167 0.0483
7 0.3115 0.4358 0.0187 0.0483
1 0.1255 0.48 0.026 0.0333
1 0.4776 0.4692 0.0323 0.045
1 0.7193 0.495 0.099 0.0533
2 0.6089 0.4767 0.0177 0.0667
1 0.1437 0.5217 0.1021 0.0867
5 0.312 0.435 0.0135 0.0433
1 0.513 0.4858 0.0323 0.0317
1 0.376 0.4508 0.0187 0.025
1 0.337 0.4775 0.0198 0.0483
1 0.3661 0.5075 0.0531 0.085
1 0.5568 0.4917 0.049 0.0467
4 0.6062 0.4083 0.0125 0.0333
