1 0.9177 0.4283 0.1083 0.0733
6 0.3688 0.39 0.0187 0.0333
1 0.2359 0.4717 0.0302 0.05
6 0.3896 0.39 0.0146 0.0267
10 0.3135 0.43 0.0958 0.1333
6 0.4578 0.3883 0.0135 0.03
1 0.0927 0.3792 0.1854 0.125
1 0.4531 0.4558 0.0271 0.0383
6 0.3927 0.3892 0.0125 0.0283
1 0.3833 0.455 0.0521 0.0767
1 0.1302 0.5317 0.2604 0.2833
1 0.4823 0.4642 0.0417 0.055
6 0.4302 0.3858 0.0146 0.0283
6 0.4328 0.385 0.0156 0.03
1 0.2672 0.4683 0.0323 0.05
6 0.3646 0.3917 0.0146 0.0267
6 0.5146 0.4133 0.0125 0.0267
1 0.4292 0.4633 0.0354 0.0533
1 0.5125 0.4517 0.0417 0.0467
6 0.4552 0.3883 0.0146 0.0367
