7 0.2781 0.28 0.025 0.0667
2 0.5818 0.52 0.0177 0.08
6 0.5635 0.4142 0.0271 0.075
2 0.4891 0.5242 0.0219 0.0683
2 0.725 0.5217 0.0208 0.0867
1 0.1167 0.5392 0.0417 0.0717
0 0.626 0.5275 0.0333 0.0917
2 0.5729 0.5192 0.0187 0.085
1 0.0656 0.6225 0.1313 0.365
0 0.6542 0.5267 0.0333 0.09
1 0.3297 0.6575 0.3302 0.415
2 0.7016 0.5267 0.024 0.0867
2 0.687 0.5258 0.0219 0.085
1 0.951 0.52 0.0938 0.0833
2 0.1474 0.5592 0.049 0.2183
6 0.3891 0.2858 0.024 0.075
2 0.7781 0.5208 0.0354 0.125
2 0.5964 0.5192 0.024 0.0917
1 0.174 0.5408 0.0521 0.0517
2 0.5573 0.5267 0.0208 0.0733
2 0.5557 0.525 0.0219 0.08
