2 0.6479 0.5275 0.0167 0.0783
10 0.6995 0.5208 0.076 0.0483
1 0.2448 0.54 0.1313 0.15
1 0.1531 0.55 0.0479 0.0633
1 0.8724 0.545 0.0969 0.07
1 0.876 0.5458 0.0708 0.055
1 0.3714 0.535 0.0385 0.06
2 0.6417 0.5392 0.025 0.095
2 0.651 0.5333 0.0187 0.0933
1 0.1021 0.5558 0.0604 0.065
1 0.5568 0.5625 0.1427 0.1583
1 0.774 0.5333 0.1 0.0733
1 0.4635 0.5217 0.0417 0.0733
1 0.0424 0.5613 0.0839 0.1192
10 0.7021 0.525 0.0917 0.07
1 0.4229 0.5308 0.0479 0.065
2 0.6406 0.5408 0.0125 0.0583
1 0.4635 0.5217 0.0292 0.0467
1 0.8391 0.5442 0.0802 0.065
