6 0.5854 0.3817 0.0125 0.0367
1 0.1573 0.465 0.0354 0.0367
1 0.1583 0.4642 0.0396 0.0483
1 0.5911 0.4908 0.0656 0.075
1 0.3161 0.4642 0.024 0.045
1 0.1948 0.4658 0.025 0.0317
7 0.4484 0.3658 0.0198 0.045
6 0.5818 0.3742 0.0198 0.0383
1 0.2875 0.4692 0.0333 0.035
6 0.5167 0.35 0.025 0.0333
6 0.5161 0.3658 0.0135 0.0383
1 0.1969 0.47 0.0208 0.03
1 0.5104 0.4867 0.0417 0.0533
6 0.6922 0.3917 0.0135 0.0233
1 0.3193 0.4675 0.0198 0.0317
1 0.2385 0.4725 0.0271 0.0383
6 0.6953 0.4125 0.0135 0.055
1 0.2818 0.4683 0.0344 0.04
1 0.2344 0.475 0.0333 0.0367
0 0.7974 0.5008 0.0344 0.0483
1 0.6797 0.4733 0.0302 0.0267
