1 0.1844 0.4575 0.0396 0.0483
6 0.6797 0.395 0.0135 0.0233
0 0.7464 0.4917 0.0198 0.05
1 0.3328 0.4592 0.024 0.045
1 0.2188 0.4617 0.0187 0.0333
1 0.2188 0.46 0.0208 0.03
1 0.3036 0.4625 0.0323 0.0417
1 0.5849 0.4917 0.0531 0.0767
1 0.3057 0.4617 0.0302 0.0367
1 0.3297 0.465 0.0177 0.0333
6 0.5797 0.3792 0.0198 0.0383
1 0.6766 0.4633 0.0302 0.0267
6 0.6797 0.385 0.0115 0.0567
1 0.5104 0.4842 0.0417 0.0483
1 0.2552 0.4675 0.0271 0.0383
6 0.5177 0.3567 0.025 0.0333
1 0.1865 0.46 0.0354 0.0367
1 0.2552 0.465 0.0333 0.0367
