4 0.3771 0.4117 0.0104 0.03
1 0.449 0.515 0.0271 0.0433
1 0.3443 0.5942 0.2448 0.2583
4 0.787 0.4075 0.0177 0.0517
1 0.4922 0.5192 0.0281 0.0417
1 0.0315 0.5271 0.062 0.0542
1 0.1724 0.5225 0.0427 0.035
4 0.4104 0.44 0.0146 0.0333
3 0.0698 0.2592 0.0187 0.0683
1 0.2208 0.5283 0.0583 0.0733
1 0.2167 0.5192 0.0708 0.0483
3 0.3276 0.3017 0.0198 0.0533
1 0.575 0.5283 0.0688 0.0733
3 0.8156 0.355 0.0167 0.0433
1 0.4458 0.5067 0.025 0.0467
3 0.2578 0.3592 0.0198 0.055
1 0.8034 0.6479 0.3922 0.3825
4 0.501 0.3975 0.0187 0.0383
