1 0.3333 0.5033 0.025 0.0667
4 0.5062 0.3875 0.0187 0.0317
1 0.1875 0.4908 0.0354 0.0783
1 0.2406 0.4983 0.0771 0.0633
4 0.5677 0.44 0.0167 0.0267
1 0.2339 0.5 0.0635 0.0467
4 0.5641 0.4417 0.0115 0.03
1 0.526 0.505 0.1271 0.18
1 0.2885 0.5025 0.0625 0.065
4 0.5083 0.3808 0.0125 0.0317
4 0.3719 0.4475 0.0125 0.0317
1 0.8536 0.5875 0.2885 0.395
1 0.4281 0.4883 0.0354 0.0533
4 0.5823 0.4275 0.0125 0.0217
1 0.2875 0.5033 0.0583 0.0933
1 0.5896 0.5067 0.0479 0.07
4 0.3729 0.4442 0.0125 0.0317
4 0.5833 0.4167 0.0167 0.0467
