1 0.2141 0.5067 0.076 0.07
1 0.6781 0.4808 0.0604 0.075
2 0.5792 0.4825 0.0167 0.0417
1 0.7536 0.4725 0.0385 0.0383
4 0.6609 0.3683 0.0302 0.0433
1 0.151 0.51 0.075 0.09
1 0.8177 0.4717 0.0542 0.0433
1 0.6344 0.4858 0.0333 0.0717
4 0.7469 0.27 0.0354 0.05
1 0.2094 0.5117 0.0708 0.0733
1 0.7812 0.4717 0.0167 0.0467
1 0.6776 0.4808 0.0531 0.0717
4 0.6521 0.3592 0.0229 0.055
1 0.088 0.5933 0.174 0.4033
4 0.7464 0.2358 0.0469 0.125
1 0.601 0.4833 0.0354 0.0467
2 0.5745 0.48 0.0219 0.0667
7 0.1906 0.2133 0.0208 0.0833
4 0.326 0.2233 0.0271 0.0433
4 0.3245 0.2092 0.024 0.0683
1 0.3344 0.4925 0.0292 0.0417
4 0.4333 0.2283 0.025 0.0667
1 0.5333 0.4808 0.0312 0.0383
1 0.9227 0.4637 0.1536 0.1325
1 0.1432 0.5058 0.0677 0.0783
4 0.4313 0.2467 0.0312 0.04
