10 0.5214 0.465 0.0719 0.11
2 0.65 0.5108 0.0229 0.1283
1 0.0688 0.5217 0.1271 0.0767
0 0.1922 0.5133 0.0281 0.0533
1 0.7937 0.5017 0.0854 0.0433
2 0.6057 0.5133 0.0427 0.13
1 0.5234 0.4633 0.0698 0.1
2 0.8557 0.5083 0.026 0.1133
1 0.4646 0.4958 0.0396 0.0417
2 0.6802 0.5108 0.0437 0.1283
6 0.7818 0.3175 0.0302 0.0983
2 0.3583 0.5042 0.0187 0.0583
6 0.7797 0.3167 0.0302 0.0833
7 0.338 0.4325 0.0135 0.0417
7 0.6094 0.36 0.0187 0.04
1 0.9375 0.4992 0.1146 0.055
6 0.6583 0.3567 0.0187 0.05
1 0.4651 0.4983 0.051 0.0467
7 0.3391 0.435 0.0156 0.0467
6 0.7557 0.4208 0.0177 0.055
1 0.4161 0.4942 0.0552 0.0717
1 0.4641 0.4792 0.0406 0.035
