2 0.8969 0.4704 0.0396 0.1025
2 0.7135 0.5192 0.0437 0.0983
2 0.9359 0.51 0.051 0.16
1 0.2318 0.5308 0.1156 0.1183
2 0.3922 0.6258 0.0677 0.4583
2 0.8234 0.5 0.0302 0.13
2 0.474 0.4933 0.0104 0.0567
1 0.112 0.5317 0.126 0.0967
2 0.7688 0.4992 0.0312 0.1483
2 0.7354 0.5083 0.0458 0.16
2 0.4516 0.6167 0.1177 0.5433
2 0.799 0.4971 0.026 0.1275
1 0.5312 0.5017 0.0396 0.0733
1 0.513 0.4975 0.0365 0.085
2 0.7031 0.46 0.0271 0.0533
2 0.9044 0.5246 0.0245 0.1242
1 0.4875 0.5017 0.0146 0.0567
1 0.3396 0.5075 0.05 0.055
