1 0.5484 0.5275 0.0198 0.0683
4 0.5938 0.3117 0.0312 0.0967
1 0.2932 0.5467 0.0615 0.08
5 0.3677 0.335 0.025 0.0667
1 0.6193 0.54 0.0365 0.0633
5 0.4323 0.3825 0.0271 0.0783
1 0.5661 0.5358 0.0281 0.0717
4 0.8719 0.4375 0.0104 0.0483
1 0.2411 0.5425 0.0531 0.085
1 0.3781 0.5458 0.0521 0.0617
2 0.8156 0.5325 0.0229 0.065
1 0.4729 0.5308 0.0187 0.0517
4 0.4323 0.3833 0.0167 0.05
1 0.5266 0.545 0.0823 0.1033
1 0.3281 0.5475 0.0312 0.065
1 0.1255 0.5917 0.2052 0.2167
1 0.4849 0.5283 0.0177 0.0567
4 0.8297 0.4425 0.0219 0.0683
1 0.7224 0.6008 0.2448 0.235
