1 0.2568 0.5042 0.0781 0.0883
2 0.8745 0.4733 0.024 0.07
1 0.2557 0.5108 0.0677 0.0617
3 0.801 0.0733 0.025 0.09
3 0.0714 0.085 0.1094 0.1567
2 0.8875 0.4817 0.0208 0.0533
1 0.326 0.5133 0.0833 0.0767
1 0.4141 0.4925 0.0656 0.075
4 0.7255 0.4108 0.0156 0.045
1 0.0628 0.5175 0.1099 0.1167
2 0.9443 0.4967 0.0115 0.0833
3 0.5656 0.3608 0.0125 0.0517
1 0.3807 0.4825 0.0469 0.0617
0 0.9104 0.4975 0.0229 0.0983
2 0.9437 0.49 0.025 0.1033
3 0.5703 0.0292 0.026 0.0567
3 0.6526 0.355 0.0156 0.04
1 0.3187 0.52 0.0917 0.0867
1 0.4688 0.4942 0.0333 0.0383
1 0.1766 0.4983 0.099 0.06
