1 0.4141 0.5025 0.0677 0.0617
4 0.6042 0.4167 0.0167 0.0533
7 0.3333 0.3317 0.0167 0.0533
1 0.3573 0.4917 0.0708 0.0933
1 0.626 0.515 0.0646 0.1
4 0.4849 0.3458 0.0156 0.0383
1 0.4516 0.49 0.0323 0.04
4 0.6042 0.415 0.0146 0.0367
1 0.7 0.53 0.1167 0.11
1 0.8922 0.485 0.0823 0.0467
4 0.6714 0.3842 0.0219 0.0517
1 0.5104 0.4892 0.0333 0.0417
1 0.9005 0.4792 0.0885 0.0683
4 0.6635 0.3817 0.0167 0.0533
4 0.4255 0.3317 0.0135 0.0467
10 0.5453 0.4708 0.0281 0.0483
1 0.1609 0.5875 0.299 0.3417
1 0.4755 0.49 0.0156 0.05
