3 0.3156 0.4808 0.0167 0.0517
1 0.5464 0.5392 0.0219 0.0617
1 0.6484 0.5625 0.124 0.1183
6 0.5521 0.4758 0.0104 0.0283
1 0.251 0.5217 0.0563 0.06
1 0.5318 0.5275 0.0469 0.095
6 0.613 0.4408 0.0156 0.0417
1 0.1797 0.5258 0.0406 0.0383
6 0.3187 0.4733 0.025 0.05
1 0.4672 0.5325 0.0635 0.0917
2 0.9922 0.5108 0.0135 0.0783
6 0.5078 0.4367 0.0156 0.04
6 0.4333 0.3375 0.0167 0.035
6 0.6479 0.4208 0.0167 0.035
1 0.5823 0.5508 0.0583 0.0883
1 0.574 0.5492 0.0271 0.085
1 0.3177 0.5233 0.0479 0.0433
1 0.5536 0.5375 0.0448 0.0717
1 0.4276 0.5183 0.0219 0.0433
1 0.3193 0.5167 0.049 0.0467
1 0.5214 0.53 0.0198 0.0633
6 0.5125 0.3592 0.0167 0.0417
2 0.9154 0.5212 0.0172 0.0658
1 0.388 0.5092 0.0552 0.0417
