7 0.4974 0.3175 0.0177 0.055
1 0.3849 0.4592 0.0823 0.1383
6 0.563 0.3217 0.0177 0.0567
2 0.1688 0.535 0.0854 0.3
2 0.7589 0.5525 0.1094 0.2783
2 0.2583 0.545 0.0708 0.25
1 0.562 0.5042 0.2427 0.1417
2 0.3859 0.4983 0.0198 0.0767
2 0.3583 0.4892 0.0187 0.0717
2 0.3151 0.5283 0.076 0.2833
2 0.4198 0.4925 0.0208 0.0683
10 0.3844 0.4583 0.0938 0.1367
6 0.687 0.3975 0.0198 0.0617
2 0.3604 0.495 0.0167 0.0767
1 0.7365 0.4933 0.1229 0.0633
2 0.4339 0.4975 0.0177 0.0683
2 0.4464 0.4992 0.0198 0.0783
1 0.2406 0.5033 0.075 0.08
