1 0.4599 0.5108 0.0635 0.0917
6 0.5417 0.4575 0.0104 0.0283
2 0.9286 0.4958 0.0219 0.0783
6 0.425 0.3308 0.0167 0.035
6 0.3187 0.47 0.025 0.05
1 0.3406 0.495 0.0479 0.0433
6 0.5964 0.4342 0.0156 0.0417
2 0.8615 0.4933 0.0187 0.07
6 0.5031 0.3558 0.0167 0.0417
1 0.5307 0.5183 0.0177 0.0533
6 0.6302 0.4158 0.0167 0.035
1 0.2349 0.5017 0.0302 0.03
1 0.0604 0.5117 0.1208 0.0833
1 0.6177 0.53 0.1042 0.1
2 0.8615 0.5042 0.025 0.085
1 0.5563 0.52 0.025 0.0667
1 0.2682 0.4992 0.0469 0.0617
1 0.5078 0.51 0.0198 0.0633
6 0.5026 0.43 0.0156 0.04
1 0.563 0.5217 0.0594 0.07
1 0.1865 0.5092 0.0417 0.0217
1 0.4068 0.4967 0.0406 0.0433
