1 0.174 0.52 0.1542 0.1267
3 0.6526 0.3558 0.0156 0.0417
3 0.8005 0.0742 0.026 0.0917
1 0.4813 0.5 0.0229 0.0333
1 0.976 0.5167 0.0354 0.1533
3 0.5667 0.3608 0.0146 0.0517
1 0.4573 0.495 0.0167 0.0333
1 0.7953 0.4925 0.0615 0.1083
1 0.4323 0.4933 0.0458 0.04
3 0.0714 0.085 0.1094 0.1567
10 0.2984 0.4775 0.1031 0.0817
1 0.3536 0.5058 0.0698 0.0783
1 0.4797 0.4958 0.0344 0.0383
3 0.5703 0.0292 0.026 0.0567
4 0.7255 0.4133 0.0156 0.0467
1 0.7427 0.5025 0.0875 0.115
1 0.3563 0.5058 0.0688 0.065
1 0.8755 0.5125 0.1698 0.1517
0 0.6654 0.4929 0.0109 0.0375
