6 0.8016 0.07 0.024 0.09
3 0.5656 0.3608 0.0125 0.0517
2 0.8417 0.4758 0.0312 0.0883
1 0.3792 0.4875 0.0396 0.0517
1 0.124 0.5333 0.1583 0.1367
6 0.726 0.405 0.0146 0.0433
6 0.7297 0.4083 0.0135 0.0267
2 0.8495 0.4817 0.024 0.0567
6 0.6526 0.355 0.0156 0.04
2 0.9911 0.4817 0.0115 0.0833
1 0.9414 0.4763 0.1161 0.0775
10 0.6172 0.475 0.0969 0.09
1 0.4302 0.4942 0.0417 0.0417
1 0.2078 0.5008 0.0302 0.045
1 0.3865 0.4883 0.0271 0.05
2 0.9745 0.4775 0.0302 0.155
0 0.9677 0.4925 0.0292 0.1017
3 0.5703 0.0292 0.026 0.0567
1 0.4732 0.4971 0.0286 0.0358
