2 0.6401 0.5758 0.0448 0.3483
1 0.5354 0.5117 0.0979 0.0933
2 0.1693 0.5283 0.0219 0.08
2 0.2432 0.53 0.0302 0.12
1 0.4057 0.5217 0.1052 0.0567
1 0.1323 0.5508 0.0333 0.1217
1 0.4094 0.5192 0.1062 0.065
0 0.2615 0.5225 0.0271 0.0717
2 0.462 0.5467 0.0302 0.11
2 0.4974 0.5292 0.0344 0.1417
1 0.349 0.5167 0.0437 0.0433
2 0.1688 0.5267 0.025 0.0833
0 0.2635 0.5217 0.0125 0.0633
2 0.6401 0.5683 0.0552 0.3433
2 0.6297 0.6083 0.124 0.4333
0 0.287 0.5217 0.0198 0.0567
2 0.6984 0.5817 0.0948 0.46
2 0.1313 0.5483 0.0167 0.1333
2 0.1156 0.5533 0.0396 0.1333
1 0.9518 0.5421 0.0953 0.1975
2 0.7964 0.5875 0.0865 0.3717
