1 0.1708 0.5033 0.1021 0.0633
6 0.5661 0.3642 0.0135 0.0417
1 0.4104 0.4983 0.0375 0.0333
1 0.8635 0.4925 0.0854 0.055
6 0.6526 0.3575 0.0094 0.0383
1 0.9776 0.4825 0.0385 0.0417
2 0.9573 0.4867 0.0229 0.1
1 0.4344 0.49 0.0229 0.04
1 0.4026 0.4942 0.0281 0.035
3 0.0823 0.0783 0.1646 0.1567
1 0.3422 0.5175 0.0719 0.075
3 0.5734 0.03 0.0281 0.0567
1 0.9807 0.4875 0.0323 0.045
1 0.8646 0.4875 0.0792 0.055
1 0.0938 0.4992 0.0417 0.0317
1 0.2708 0.5217 0.1021 0.0833
3 0.0651 0.0675 0.076 0.125
1 0.4302 0.5008 0.025 0.0483
1 0.4729 0.495 0.0312 0.04
1 0.8182 0.485 0.0385 0.0567
6 0.8016 0.0767 0.0281 0.09
1 0.2203 0.5125 0.0573 0.075
3 0.5682 0.3608 0.024 0.0617
6 0.801 0.0767 0.05 0.1167
1 0.0875 0.5233 0.0375 0.0533
1 0.8208 0.49 0.0521 0.0433
1 0.5443 0.4858 0.026 0.0417
