2 0.0766 0.5592 0.026 0.0917
1 0.2818 0.5367 0.0448 0.06
2 0.1948 0.5492 0.0437 0.1217
2 0.0932 0.5575 0.0844 0.1317
2 0.6724 0.355 0.0385 0.1467
2 0.4211 0.5321 0.0339 0.1225
2 0.1172 0.5517 0.026 0.12
2 0.9609 0.5758 0.074 0.515
3 0.0172 0.35 0.0333 0.0867
1 0.2802 0.5408 0.05 0.0717
2 0.6276 0.6379 0.1417 0.7142
2 0.7724 0.545 0.2323 0.89
3 0.5203 0.3108 0.0323 0.0917
2 0.0615 0.57 0.0479 0.1167
1 0.9234 0.5092 0.0594 0.1717
2 0.1156 0.5367 0.0229 0.11
2 0.1552 0.5483 0.0375 0.1333
2 0.0906 0.55 0.0875 0.1367
