1 0.3896 0.5108 0.0583 0.0617
1 0.4807 0.4925 0.0385 0.045
1 0.5911 0.4833 0.0323 0.0533
3 0.5651 0.365 0.024 0.0667
1 0.7005 0.5058 0.0677 0.085
1 0.626 0.49 0.0417 0.0467
1 0.7781 0.5183 0.1104 0.14
2 0.9807 0.4875 0.0302 0.095
8 0.801 0.0767 0.05 0.1167
2 0.8875 0.4825 0.0229 0.0783
3 0.6526 0.3558 0.0156 0.0417
1 0.862 0.5133 0.074 0.1133
1 0.3333 0.4908 0.0396 0.0517
6 0.0823 0.0783 0.1646 0.1567
1 0.4417 0.4983 0.025 0.04
4 0.726 0.415 0.0167 0.05
1 0.6276 0.4892 0.049 0.055
1 0.5917 0.485 0.0271 0.0567
1 0.1042 0.5167 0.1604 0.14
1 0.6958 0.5017 0.0646 0.0933
1 0.6505 0.4892 0.0344 0.035
1 0.2057 0.4975 0.0406 0.0883
1 0.6505 0.5 0.0177 0.0567
2 0.9812 0.4942 0.025 0.1317
1 0.0917 0.5233 0.1833 0.1633
3 0.8 0.075 0.0271 0.0933
