4 0.7255 0.4108 0.0156 0.045
3 0.801 0.0733 0.025 0.09
1 0.2891 0.5142 0.1073 0.075
2 0.9005 0.4733 0.024 0.07
3 0.5656 0.3608 0.0125 0.0517
1 0.2839 0.5175 0.1219 0.0983
0 0.8875 0.4958 0.0229 0.0983
2 0.8938 0.4817 0.0208 0.0533
1 0.0833 0.5175 0.0542 0.045
2 0.7937 0.4842 0.0146 0.0517
3 0.0714 0.085 0.1094 0.1567
3 0.6526 0.355 0.0156 0.04
2 0.9339 0.4867 0.0198 0.09
1 0.224 0.5058 0.0667 0.0683
1 0.2208 0.5117 0.0854 0.0867
3 0.5703 0.0283 0.026 0.0567
1 0.3484 0.4925 0.0469 0.0617
1 0.4661 0.4975 0.0427 0.0417
1 0.3995 0.4975 0.0656 0.075
2 0.9339 0.4883 0.0115 0.0833
