6 0.6526 0.355 0.0156 0.04
2 0.9729 0.4908 0.0292 0.1317
2 0.8604 0.4783 0.0208 0.0767
0 0.9656 0.4925 0.0312 0.1017
1 0.4755 0.4967 0.0365 0.0367
1 0.4297 0.4975 0.0531 0.0617
6 0.7297 0.4083 0.0135 0.0267
10 0.949 0.4633 0.101 0.11
3 0.5703 0.0292 0.026 0.0567
3 0.5656 0.3608 0.0125 0.0517
1 0.2578 0.5183 0.1177 0.0967
6 0.8016 0.0717 0.024 0.09
1 0.0917 0.5133 0.0271 0.0267
2 0.9911 0.4817 0.0115 0.0833
1 0.4766 0.4975 0.0344 0.045
6 0.726 0.4067 0.0146 0.0433
1 0.0922 0.4858 0.0323 0.025
2 0.863 0.4833 0.024 0.0567
