2 0.9688 0.5025 0.0437 0.155
1 0.2396 0.5083 0.0396 0.0767
2 0.8935 0.4879 0.0318 0.1408
1 0.4875 0.5017 0.0146 0.0567
1 0.3005 0.5133 0.0698 0.0867
2 0.9328 0.525 0.0323 0.1133
1 0.4151 0.51 0.0615 0.0867
1 0.2094 0.5125 0.0396 0.085
1 0.1234 0.5358 0.1573 0.0983
2 0.474 0.4933 0.0104 0.0567
2 0.1214 0.6217 0.1177 0.5433
1 0.513 0.4975 0.0365 0.085
1 0.3531 0.5008 0.05 0.055
2 0.7135 0.5192 0.0437 0.0983
1 0.5312 0.5017 0.0396 0.0733
2 0.8198 0.5092 0.0417 0.1383
2 0.7677 0.4958 0.0229 0.145
2 0.7354 0.5083 0.0458 0.16
2 0.7078 0.4642 0.0281 0.0617
2 0.8521 0.5 0.0281 0.1367
