2 0.6182 0.5292 0.0198 0.085
4 0.5443 0.4525 0.0094 0.035
2 0.5865 0.5425 0.0104 0.0917
4 0.5464 0.4533 0.0094 0.0333
4 0.4167 0.3992 0.0104 0.0317
3 0.5281 0.47 0.0104 0.0367
2 0.5714 0.5417 0.0135 0.0867
4 0.4719 0.4067 0.0104 0.0267
4 0.526 0.4717 0.0125 0.03
2 0.6016 0.5367 0.0115 0.0867
4 0.4714 0.4117 0.0094 0.0233
1 0.2203 0.5383 0.0531 0.06
4 0.4151 0.4008 0.0094 0.0317
2 0.6198 0.5325 0.0104 0.0817
2 0.5802 0.5408 0.0167 0.085
2 0.601 0.5383 0.0167 0.0833
1 0.224 0.5367 0.0458 0.0567
1 0.4505 0.5483 0.0594 0.0867
1 0.3547 0.5567 0.076 0.0833
