6 0.6099 0.3225 0.0177 0.0283
6 0.826 0.3417 0.0167 0.0633
6 0.4932 0.3208 0.0135 0.0317
1 0.4156 0.4725 0.0229 0.0417
1 0.0536 0.4883 0.099 0.06
1 0.8448 0.4525 0.0396 0.0417
7 0.2547 0.4 0.0156 0.0433
1 0.9703 0.4675 0.0573 0.065
6 0.8224 0.3425 0.0156 0.0583
6 0.7161 0.3883 0.0135 0.0367
6 0.5516 0.3292 0.0156 0.0417
6 0.5474 0.3192 0.0156 0.0283
1 0.9703 0.4583 0.0552 0.0633
6 0.6062 0.3317 0.0146 0.04
1 0.3797 0.4717 0.0448 0.0533
0 0.3427 0.47 0.0208 0.05
1 0.4484 0.47 0.0385 0.0567
6 0.4932 0.3275 0.0156 0.0417
1 0.7792 0.4733 0.0979 0.06
6 0.7151 0.3892 0.0177 0.0417
