1 0.5427 0.5175 0.0437 0.045
1 0.2422 0.5342 0.0573 0.0483
1 0.4307 0.515 0.0281 0.03
2 0.0839 0.5417 0.026 0.0767
6 0.5182 0.3258 0.024 0.065
7 0.4484 0.325 0.0198 0.06
1 0.2448 0.5158 0.0625 0.0583
2 0.2849 0.5133 0.024 0.0733
1 0.8995 0.585 0.1969 0.3967
0 0.05 0.5433 0.0167 0.0667
6 0.6552 0.4117 0.0229 0.0667
1 0.3901 0.5192 0.0323 0.035
0 0.0547 0.5467 0.0344 0.07
1 0.4281 0.5142 0.0354 0.035
1 0.1719 0.525 0.0875 0.0733
10 0.2354 0.5117 0.0563 0.0567
10 0.1734 0.5217 0.0823 0.0833
7 0.05 0.4417 0.025 0.06
1 0.9021 0.5883 0.1938 0.4
10 0.3271 0.4817 0.1 0.1467
2 0.0807 0.5383 0.024 0.08
0 0.0802 0.5375 0.0104 0.0683
1 0.4651 0.5133 0.0281 0.04
