10 0.0531 0.5233 0.1042 0.11
1 0.95 0.52 0.0646 0.0767
3 0.4927 0.33 0.0167 0.0467
1 0.4724 0.5325 0.0802 0.065
3 0.6797 0.4292 0.0198 0.055
2 0.9557 0.5208 0.0385 0.075
3 0.4156 0.3375 0.0167 0.055
1 0.7974 0.6242 0.374 0.355
10 0.5219 0.5058 0.0292 0.0417
3 0.3167 0.3358 0.0208 0.055
1 0.6292 0.5433 0.0458 0.1167
1 0.487 0.5117 0.0198 0.03
3 0.9354 0.2583 0.0521 0.15
1 0.9422 0.52 0.0802 0.06
1 0.2948 0.5992 0.3125 0.4283
1 0.087 0.585 0.126 0.1833
3 0.4135 0.3267 0.025 0.0567
3 0.4922 0.33 0.026 0.07
