1 0.4786 0.51 0.099 0.1533
1 0.9229 0.55 0.1437 0.17
1 0.3323 0.4825 0.0417 0.055
1 0.8359 0.5283 0.0573 0.11
1 0.0839 0.4625 0.0635 0.045
1 0.1969 0.465 0.0312 0.0533
1 0.275 0.48 0.0479 0.0433
1 0.1177 0.4592 0.0354 0.045
1 0.0745 0.4567 0.0365 0.05
1 0.6188 0.515 0.0437 0.0533
1 0.2271 0.4783 0.0437 0.0633
4 0.4281 0.4467 0.0125 0.0233
1 0.2891 0.4875 0.051 0.0483
1 0.326 0.47 0.0458 0.05
1 0.7646 0.5283 0.0583 0.0767
1 0.1583 0.4675 0.05 0.0583
4 0.4932 0.42 0.0115 0.03
1 0.7557 0.53 0.0844 0.08
