3 0.362 0.34 0.0156 0.04
2 0.8464 0.4875 0.0135 0.0583
1 0.4766 0.5208 0.0323 0.045
3 0.4484 0.3433 0.0115 0.0367
1 0.2448 0.5458 0.0583 0.1117
6 0.4495 0.3417 0.0177 0.0467
1 0.2464 0.5458 0.0698 0.1117
1 0.3708 0.5567 0.1917 0.2867
2 0.8187 0.4975 0.0187 0.0883
10 0.6458 0.425 0.2812 0.42
2 0.8349 0.4825 0.0198 0.0483
2 0.838 0.4858 0.0156 0.0517
2 0.85 0.4808 0.0125 0.045
2 0.862 0.4733 0.0135 0.0533
1 0.8781 0.6958 0.2396 0.5917
1 0.8359 0.4658 0.101 0.1017
2 0.8625 0.4742 0.0146 0.045
10 0.1089 0.4325 0.2177 0.5617
2 0.8193 0.495 0.0156 0.0867
