2 0.9 0.4717 0.025 0.1367
2 0.0734 0.5408 0.0281 0.115
1 0.1229 0.5533 0.0792 0.1033
2 0.9823 0.4717 0.0167 0.14
2 0.0766 0.54 0.0219 0.0933
2 0.2617 0.5404 0.0297 0.1425
2 0.524 0.4983 0.025 0.0833
2 0.8797 0.4875 0.0219 0.125
2 0.9557 0.4742 0.0198 0.145
3 0.5818 0.3075 0.0281 0.0917
2 0.8677 0.4925 0.0125 0.1417
2 0.2172 0.5342 0.0198 0.1217
2 0.9203 0.48 0.0219 0.14
2 0.8667 0.49 0.0271 0.13
2 0.312 0.5308 0.0531 0.15
2 0.9198 0.4858 0.0187 0.125
1 0.5995 0.5725 0.449 0.2717
2 0.2167 0.54 0.0292 0.13
2 0.8995 0.4783 0.024 0.14
2 0.2172 0.5467 0.026 0.1267
