1 0.5234 0.5058 0.0594 0.0817
6 0.6797 0.42 0.0177 0.0533
1 0.6333 0.5433 0.0458 0.1167
1 0.9422 0.52 0.0802 0.06
2 0.962 0.5233 0.026 0.0667
1 0.2859 0.5883 0.3198 0.4067
10 0.0672 0.5017 0.1344 0.1233
3 0.3161 0.3283 0.0198 0.0633
6 0.4917 0.3283 0.0229 0.0633
6 0.4927 0.3283 0.0167 0.0467
10 0.0609 0.5083 0.1219 0.1133
1 0.5161 0.5258 0.1385 0.135
1 0.7984 0.635 0.376 0.3667
1 0.0995 0.5775 0.1281 0.1717
6 0.4156 0.3358 0.0167 0.055
6 0.9307 0.2567 0.0594 0.1667
6 0.4135 0.3267 0.0229 0.0533
