2 0.5531 0.525 0.0167 0.07
2 0.5401 0.5317 0.0115 0.0633
4 0.4484 0.4133 0.0094 0.0233
2 0.5552 0.525 0.0125 0.0667
2 0.5312 0.5275 0.0104 0.065
2 0.5682 0.5217 0.0115 0.0667
1 0.2604 0.5283 0.0458 0.0567
2 0.5312 0.5283 0.0125 0.0633
4 0.499 0.4683 0.0125 0.03
4 0.4 0.4075 0.0104 0.0317
1 0.3047 0.5492 0.0906 0.0983
2 0.5401 0.5267 0.0135 0.07
4 0.5141 0.4533 0.0094 0.0333
4 0.401 0.4092 0.0104 0.025
4 0.5109 0.4525 0.0094 0.035
4 0.449 0.4183 0.0104 0.0267
2 0.5677 0.5233 0.0125 0.0867
1 0.4193 0.5392 0.0656 0.095
