1 0.0745 0.5758 0.1115 0.1983
1 0.1042 0.5042 0.0688 0.0683
1 0.6547 0.5167 0.0615 0.0967
1 0.038 0.6692 0.076 0.3017
1 0.3625 0.5133 0.05 0.08
1 0.163 0.5042 0.0635 0.075
1 0.6578 0.515 0.0823 0.0933
2 0.1766 0.5067 0.0281 0.1067
1 0.6099 0.5058 0.026 0.065
1 0.75 0.5292 0.1479 0.145
1 0.5839 0.4942 0.0323 0.065
2 0.1724 0.505 0.0302 0.1267
1 0.099 0.5008 0.0646 0.065
1 0.7432 0.53 0.1531 0.1133
1 0.3052 0.5117 0.0896 0.0833
1 0.4641 0.4825 0.026 0.0383
1 0.3667 0.5108 0.0542 0.0583
1 0.399 0.5025 0.0271 0.0483
