6 0.2354 0.4275 0.0146 0.0317
1 0.5615 0.5142 0.0833 0.165
1 0.4953 0.5183 0.0573 0.0967
7 0.0969 0.3717 0.0187 0.0433
1 0.2885 0.4875 0.0583 0.0817
1 0.1792 0.4825 0.0292 0.0483
1 0.3531 0.4942 0.1083 0.135
6 0.1 0.3633 0.0187 0.0367
1 0.2839 0.485 0.0552 0.0667
6 0.2323 0.425 0.0146 0.03
1 0.2573 0.485 0.0271 0.0633
1 0.8646 0.6058 0.2667 0.325
1 0.1807 0.485 0.0302 0.05
1 0.4292 0.49 0.0688 0.08
1 0.2078 0.4858 0.051 0.0683
1 0.6906 0.5225 0.1833 0.195
1 0.5807 0.51 0.1281 0.1567
1 0.0198 0.4967 0.0354 0.0567
6 0.1583 0.3667 0.0187 0.0333
1 0.8651 0.6 0.251 0.3
1 0.0589 0.4883 0.0344 0.05
1 0.6672 0.5467 0.1469 0.2567
6 0.1573 0.3742 0.0146 0.0417
1 0.1437 0.4975 0.0479 0.0583
1 0.2062 0.4892 0.0604 0.065
