2 0.5984 0.5333 0.0198 0.0967
2 0.0698 0.575 0.0229 0.1233
3 0.1167 0.4092 0.025 0.0783
1 0.4849 0.545 0.0302 0.0433
2 0.6125 0.5242 0.0146 0.0783
1 0.2047 0.5783 0.076 0.0833
2 0.7016 0.5233 0.0135 0.0933
1 0.3411 0.5517 0.074 0.0833
1 0.2823 0.57 0.0854 0.1067
2 0.9307 0.4908 0.026 0.1217
1 0.4276 0.5542 0.0969 0.1517
3 0.5901 0.3842 0.024 0.0817
1 0.162 0.5625 0.0219 0.0783
2 0.163 0.5692 0.0177 0.0717
2 0.1359 0.5467 0.0156 0.0367
2 0.6859 0.515 0.0177 0.09
1 0.3427 0.5558 0.0375 0.055
8 0.1182 0.4083 0.024 0.07
2 0.1203 0.5742 0.024 0.1083
2 0.613 0.5242 0.026 0.095
1 0.9635 0.54 0.0688 0.1
2 0.637 0.5217 0.0198 0.1
2 0.9875 0.4708 0.0229 0.075
2 0.126 0.5733 0.0375 0.1067
