6 0.5495 0.4117 0.0135 0.04
1 0.2276 0.5242 0.049 0.055
0 0.649 0.5133 0.0292 0.0833
2 0.8906 0.5275 0.0604 0.185
6 0.3979 0.3025 0.0167 0.045
7 0.301 0.2958 0.0125 0.0417
7 0.3005 0.3 0.0198 0.06
1 0.3839 0.5792 0.1781 0.225
2 0.5531 0.5117 0.0146 0.0667
0 0.7401 0.5075 0.0635 0.0917
0 0.6474 0.5117 0.0198 0.0667
6 0.7969 0.1383 0.0437 0.17
1 0.8099 0.51 0.1198 0.0767
0 0.737 0.5067 0.0365 0.0733
2 0.8849 0.5308 0.0302 0.1683
1 0.9401 0.4958 0.0865 0.0717
2 0.5552 0.5108 0.0271 0.075
6 0.7948 0.1358 0.0333 0.1617
