1 0.3823 0.5025 0.0125 0.0483
2 0.7745 0.5483 0.0552 0.26
2 0.0187 0.5938 0.0365 0.2225
1 0.9214 0.4908 0.1469 0.135
2 0.2927 0.5242 0.0167 0.085
2 0.549 0.5425 0.0417 0.2083
2 0.7245 0.5533 0.0531 0.26
2 0.3063 0.5275 0.0146 0.0917
2 0.1536 0.5708 0.0302 0.275
2 0.5039 0.5533 0.0401 0.2367
2 0.549 0.5475 0.0625 0.2183
2 0.2995 0.53 0.0344 0.1067
2 0.3589 0.5683 0.0469 0.27
2 0.7245 0.5425 0.051 0.245
2 0.2552 0.5617 0.0708 0.27
2 0.5224 0.5183 0.0094 0.1
2 0.2635 0.5567 0.0396 0.2733
2 0.1906 0.5742 0.0375 0.2783
2 0.5901 0.5033 0.0219 0.0733
2 0.4359 0.5567 0.0344 0.3033
2 0.112 0.5458 0.0198 0.1017
6 0.1229 0.39 0.025 0.0733
6 0.5776 0.3625 0.0198 0.075
2 0.1266 0.5483 0.0177 0.0967
