3 0.6526 0.355 0.0156 0.04
0 0.8667 0.4875 0.0229 0.0983
2 0.9203 0.4967 0.0198 0.09
1 0.2422 0.5258 0.1219 0.0983
1 0.2422 0.5308 0.126 0.1183
1 0.4526 0.4933 0.0552 0.0533
4 0.7255 0.4108 0.0156 0.045
2 0.9193 0.4967 0.0115 0.0833
2 0.9016 0.485 0.024 0.07
1 0.3839 0.4983 0.0844 0.09
3 0.0714 0.085 0.1094 0.1567
1 0.1729 0.5175 0.0896 0.095
3 0.801 0.0733 0.025 0.09
1 0.1682 0.5142 0.0656 0.0883
3 0.5703 0.0283 0.026 0.0567
2 0.9 0.4817 0.0208 0.0533
1 0.3328 0.495 0.0573 0.06
3 0.5656 0.3608 0.0125 0.0517
2 0.7958 0.4825 0.0146 0.0517
