5 0.2906 0.4192 0.0208 0.0717
1 0.5531 0.4975 0.0542 0.055
2 0.7911 0.515 0.0198 0.0733
1 0.3703 0.5075 0.0531 0.085
1 0.6995 0.5275 0.0844 0.0683
1 0.1552 0.5075 0.0375 0.0383
4 0.7854 0.39 0.0187 0.0533
1 0.024 0.5533 0.0479 0.07
1 0.1109 0.5425 0.0719 0.0717
1 0.6172 0.5192 0.0573 0.0517
1 0.1104 0.5425 0.0833 0.0783
4 0.6016 0.2517 0.0219 0.07
1 0.2089 0.5258 0.0781 0.115
1 0.5505 0.4975 0.0469 0.0517
1 0.4146 0.4725 0.0229 0.0283
1 0.3875 0.4825 0.0271 0.0217
1 0.4755 0.5258 0.0719 0.105
1 0.0594 0.5342 0.0458 0.0583
1 0.0646 0.535 0.0542 0.0667
7 0.2896 0.4233 0.0229 0.06
1 0.4083 0.5008 0.0333 0.0483
10 0.2068 0.525 0.0781 0.1133
4 0.6021 0.2508 0.0208 0.0717
1 0.5099 0.4942 0.024 0.0317
