7 0.3927 0.39 0.0167 0.0433
1 0.301 0.5458 0.0521 0.0717
1 0.5266 0.5317 0.0323 0.0467
2 0.9057 0.5342 0.051 0.1817
1 0.1849 0.5417 0.0594 0.0367
4 0.5417 0.4417 0.0125 0.0433
1 0.2516 0.5292 0.0427 0.0583
1 0.1885 0.5375 0.0646 0.0383
1 0.024 0.5475 0.0479 0.0483
1 0.5068 0.5375 0.0156 0.045
1 0.3359 0.545 0.026 0.05
10 0.0526 0.4975 0.1052 0.0917
1 0.426 0.5867 0.125 0.16
1 0.4859 0.5517 0.0323 0.1333
1 0.3016 0.55 0.049 0.0733
4 0.5307 0.4508 0.0115 0.025
1 0.0984 0.5475 0.0635 0.0417
1 0.2536 0.5292 0.0406 0.0483
3 0.3911 0.3858 0.0115 0.0317
4 0.4464 0.3875 0.0115 0.0383
