1 0.044 0.5733 0.087 0.1283
10 0.2974 0.5 0.0719 0.0833
1 0.1667 0.5533 0.0563 0.0967
10 0.1474 0.4608 0.1094 0.095
1 0.7047 0.575 0.2365 0.2267
10 0.151 0.475 0.1062 0.0933
1 0.4354 0.5033 0.0333 0.08
1 0.2719 0.5367 0.0604 0.0667
1 0.5188 0.5233 0.0667 0.0733
1 0.4724 0.5217 0.0406 0.05
1 0.1125 0.5517 0.0646 0.12
1 0.4198 0.5142 0.0604 0.0883
1 0.675 0.5875 0.1979 0.325
1 0.3391 0.5208 0.0323 0.0517
1 0.399 0.525 0.0688 0.0967
1 0.8789 0.6675 0.2411 0.4417
1 0.5182 0.5242 0.0719 0.085
1 0.274 0.5358 0.0521 0.055
1 0.3104 0.5042 0.0333 0.0983
