1 0.1932 0.5042 0.1906 0.1083
1 0.6698 0.5058 0.0792 0.055
2 0.3299 0.4979 0.0141 0.0592
2 0.2339 0.5083 0.0219 0.0667
2 0.4099 0.5242 0.0615 0.205
0 0.0474 0.525 0.0281 0.06
2 0.476 0.5333 0.0563 0.1933
2 0.8479 0.5467 0.0583 0.21
1 0.8453 0.5075 0.1135 0.065
1 0.3091 0.4929 0.0599 0.0608
2 0.5208 0.5225 0.0396 0.2283
6 0.7172 0.4075 0.0177 0.055
0 0.0474 0.5225 0.0385 0.0717
6 0.5995 0.335 0.0177 0.0567
10 0.4354 0.4567 0.0708 0.12
7 0.538 0.3308 0.0177 0.055
7 0.2141 0.4192 0.0198 0.045
7 0.2099 0.4208 0.0135 0.0417
