1 0.5307 0.5317 0.0135 0.0467
4 0.5563 0.455 0.0104 0.0267
1 0.3479 0.5325 0.0417 0.0583
1 0.2714 0.5233 0.0385 0.0333
1 0.3719 0.5258 0.0167 0.0317
7 0.4255 0.3942 0.0177 0.0383
1 0.3453 0.5342 0.0427 0.065
2 0.7969 0.5283 0.0292 0.1867
1 0.1526 0.5317 0.0781 0.0367
1 0.0406 0.5208 0.0667 0.0283
1 0.3172 0.5133 0.024 0.0367
1 0.4432 0.5833 0.1677 0.22
10 0.1229 0.4908 0.1521 0.075
1 0.2734 0.5233 0.0406 0.0367
1 0.5104 0.5175 0.0333 0.0917
3 0.426 0.3883 0.0104 0.0267
4 0.4776 0.395 0.0135 0.0267
