1 0.4177 0.5142 0.05 0.065
6 0.4536 0.3825 0.0135 0.035
10 0.6078 0.4725 0.1531 0.075
6 0.5375 0.4275 0.0104 0.015
6 0.4536 0.3775 0.0094 0.0283
2 0.6667 0.4925 0.0167 0.0717
1 0.5224 0.5133 0.0531 0.0667
6 0.6031 0.3958 0.0125 0.0383
7 0.3927 0.3667 0.0104 0.0333
1 0.2687 0.5133 0.0729 0.0433
6 0.601 0.3917 0.0125 0.03
1 0.0974 0.5242 0.0781 0.065
2 0.6651 0.4858 0.0156 0.0617
1 0.0979 0.5267 0.0938 0.04
1 0.2661 0.5175 0.0677 0.0417
6 0.5385 0.4317 0.0104 0.02
1 0.3594 0.5117 0.0396 0.05
2 0.4781 0.5062 0.0208 0.0608
