1 0.851 0.68 0.2917 0.6367
2 0.5406 0.5092 0.0229 0.095
2 0.1453 0.5517 0.0281 0.13
2 0.574 0.5058 0.0229 0.105
2 0.1203 0.5533 0.0177 0.1333
2 0.3839 0.5317 0.0219 0.1267
2 0.8396 0.495 0.0271 0.13
3 0.5818 0.3075 0.0281 0.0917
2 0.1245 0.5458 0.024 0.125
1 0.4344 0.5208 0.0542 0.065
1 0.2807 0.5292 0.0198 0.055
2 0.1901 0.545 0.0365 0.1467
2 0.0521 0.5425 0.0292 0.1183
1 0.1229 0.5533 0.0792 0.1033
2 0.0542 0.5408 0.0271 0.095
2 0.3854 0.5258 0.0271 0.145
2 0.6583 0.5008 0.0271 0.1317
2 0.5615 0.505 0.0125 0.0833
2 0.5615 0.5092 0.0208 0.095
2 0.4115 0.5225 0.0187 0.1517
2 0.1167 0.5642 0.0229 0.1317
2 0.837 0.4883 0.0135 0.14
1 0.2276 0.5492 0.0802 0.1183
