1 0.4651 0.4933 0.076 0.0467
6 0.6573 0.36 0.0146 0.04
1 0.901 0.61 0.1938 0.4633
1 0.1266 0.4858 0.0656 0.055
6 0.2375 0.3342 0.0521 0.1383
6 0.724 0.4133 0.0167 0.04
2 0.7721 0.4742 0.0089 0.04
6 0.7224 0.405 0.0135 0.0267
1 0.2729 0.4825 0.1187 0.105
1 0.1094 0.4942 0.0542 0.0517
1 0.5911 0.4783 0.0781 0.0567
2 0.9021 0.4704 0.0177 0.0642
6 0.7458 0.1617 0.0208 0.07
7 0.5729 0.1025 0.0187 0.0617
1 0.5922 0.4808 0.076 0.0617
1 0.4677 0.495 0.0667 0.0567
2 0.9922 0.5108 0.0135 0.0783
6 0.2344 0.3558 0.0542 0.1583
1 0.9005 0.6292 0.1948 0.435
1 0.526 0.4742 0.0563 0.0517
6 0.9583 0.3392 0.0229 0.0817
6 0.5807 0.3642 0.0156 0.0383
6 0.5776 0.365 0.0156 0.0467
6 0.6568 0.3583 0.0156 0.04
7 0.5698 0.0958 0.0229 0.055
6 0.7495 0.1508 0.0219 0.0617
