1 0.5917 0.4517 0.0208 0.0467
4 0.4448 0.38 0.0187 0.04
1 0.924 0.5842 0.1479 0.1783
4 0.824 0.3683 0.025 0.0933
4 0.3682 0.3625 0.0198 0.0517
1 0.176 0.5525 0.0542 0.055
7 0.2823 0.3542 0.0167 0.055
1 0.1745 0.5517 0.0573 0.08
1 0.5167 0.5525 0.0938 0.1017
1 0.4776 0.5383 0.0427 0.0567
4 0.5938 0.4592 0.0208 0.035
1 0.5635 0.5383 0.0312 0.05
1 0.2286 0.5458 0.0406 0.0483
1 0.3661 0.5425 0.0344 0.045
4 0.3698 0.3708 0.0167 0.035
1 0.6734 0.5492 0.099 0.0917
1 0.4078 0.5375 0.0365 0.0417
6 0.2823 0.3517 0.0146 0.0433
4 0.4443 0.3742 0.0177 0.0483
