2 0.4401 0.5467 0.0448 0.3333
2 0.3214 0.5033 0.0198 0.12
1 0.1078 0.5642 0.0948 0.195
1 0.2927 0.5125 0.0938 0.0783
2 0.7089 0.49 0.0281 0.1333
1 0.9536 0.5808 0.0906 0.225
10 0.3724 0.4958 0.0677 0.0783
10 0.4458 0.4783 0.0479 0.11
1 0.1901 0.5242 0.074 0.1117
2 0.2891 0.5008 0.026 0.1183
1 0.1417 0.5283 0.0417 0.1333
1 0.049 0.57 0.0979 0.21
10 0.5109 0.4517 0.0531 0.09
2 0.4849 0.5467 0.074 0.3233
1 0.1271 0.5267 0.0729 0.1367
1 0.1896 0.5292 0.0667 0.115
1 0.5 0.5117 0.0417 0.0567
2 0.2891 0.5 0.0219 0.12
2 0.713 0.4975 0.0198 0.135
1 0.0521 0.565 0.1042 0.1933
2 0.7203 0.495 0.0156 0.1267
1 0.5005 0.5117 0.0469 0.06
2 0.3193 0.5025 0.0198 0.1017
10 0.349 0.5067 0.0229 0.08
