2 0.0839 0.5417 0.026 0.0767
0 0.0547 0.5467 0.0344 0.07
7 0.4484 0.325 0.0198 0.06
1 0.4328 0.51 0.0281 0.03
1 0.8812 0.5767 0.2333 0.4
2 0.0807 0.5383 0.024 0.08
1 0.8776 0.5908 0.2406 0.4517
1 0.5521 0.5175 0.0437 0.045
1 0.4323 0.5142 0.0354 0.035
1 0.2432 0.5342 0.0573 0.0483
10 0.2365 0.5117 0.0563 0.0567
10 0.1734 0.5217 0.0823 0.0833
1 0.2448 0.5158 0.0625 0.0583
1 0.4651 0.5133 0.0281 0.04
2 0.2849 0.5133 0.024 0.0733
10 0.3271 0.4817 0.1 0.1467
7 0.0505 0.4408 0.024 0.0583
1 0.3901 0.5175 0.0323 0.035
0 0.0802 0.5375 0.0104 0.0683
6 0.5182 0.3258 0.024 0.065
1 0.1719 0.525 0.0875 0.0733
0 0.051 0.5433 0.0167 0.0667
6 0.6552 0.4117 0.0229 0.0667
