3 0.2115 0.2217 0.0292 0.09
5 0.2094 0.2183 0.025 0.08
1 0.399 0.5742 0.0896 0.1183
2 0.475 0.5458 0.0167 0.055
2 0.9469 0.5592 0.0427 0.1617
4 0.3635 0.2325 0.025 0.085
2 0.6885 0.5592 0.025 0.1183
0 0.9159 0.5592 0.063 0.215
1 0.3203 0.5642 0.0635 0.0883
1 0.1542 0.5775 0.0833 0.0817
2 0.476 0.5458 0.025 0.075
10 0.2104 0.525 0.0854 0.1233
3 0.5948 0.3992 0.0229 0.085
1 0.2594 0.5667 0.0167 0.0433
2 0.7505 0.5517 0.0302 0.13
2 0.863 0.555 0.0302 0.1533
2 0.7203 0.5533 0.024 0.1267
2 0.5719 0.5333 0.0125 0.05
3 0.3625 0.2308 0.0292 0.0883
1 0.0651 0.5775 0.099 0.095
