1 0.7089 0.515 0.0865 0.0867
1 0.2323 0.5275 0.1583 0.135
3 0.0714 0.085 0.1094 0.1567
1 0.4411 0.5008 0.0469 0.0583
1 0.8875 0.5158 0.0333 0.1283
1 0.6516 0.4867 0.0531 0.0667
3 0.6526 0.3558 0.0156 0.0417
1 0.6464 0.485 0.0531 0.0667
1 0.2391 0.5208 0.1323 0.105
1 0.3208 0.4908 0.075 0.0717
4 0.726 0.4142 0.0167 0.0483
1 0.3167 0.4975 0.0792 0.055
1 0.7021 0.4642 0.0437 0.0283
3 0.5672 0.3608 0.0156 0.0517
1 0.1766 0.4983 0.099 0.06
1 0.7042 0.5108 0.0729 0.085
3 0.8005 0.0742 0.026 0.0917
1 0.4729 0.4933 0.0167 0.0367
1 0.4938 0.4967 0.0271 0.0433
1 0.6932 0.4742 0.0365 0.035
4 0.801 0.0767 0.05 0.1167
1 0.0974 0.5 0.0323 0.07
1 0.8151 0.5108 0.126 0.1283
1 0.8172 0.5167 0.124 0.1467
