1 0.2208 0.5133 0.0458 0.0533
1 0.2807 0.5133 0.0531 0.07
4 0.2865 0.3675 0.0167 0.045
2 0.6656 0.4792 0.0333 0.055
1 0.9385 0.6683 0.1208 0.31
1 0.1807 0.52 0.0219 0.0433
1 0.1193 0.5225 0.0344 0.045
1 0.6 0.4808 0.0479 0.0617
1 0.2786 0.5167 0.049 0.09
3 0.5901 0.3792 0.026 0.085
7 0.0625 0.4658 0.0167 0.0483
1 0.4443 0.57 0.3031 0.4333
1 0.0167 0.5333 0.0292 0.0467
1 0.1573 0.5267 0.0417 0.05
1 0.6552 0.5325 0.1271 0.1017
7 0.2146 0.3725 0.0187 0.055
6 0.0604 0.4542 0.0208 0.0417
3 0.5906 0.3867 0.0333 0.06
