2 0.2073 0.6108 0.1542 0.3917
2 0.0818 0.5417 0.0115 0.0767
1 0.2448 0.5158 0.0625 0.0583
7 0.0563 0.4358 0.0167 0.0483
2 0.6409 0.505 0.0245 0.0567
6 0.6568 0.4075 0.0198 0.0617
1 0.5229 0.52 0.0646 0.0633
2 0.0536 0.5417 0.0198 0.0767
7 0.449 0.32 0.0208 0.0533
10 0.3302 0.48 0.0979 0.1433
2 0.0953 0.545 0.0135 0.07
6 0.5203 0.3242 0.0219 0.0683
2 0.0458 0.5417 0.0167 0.0733
0 0.1615 0.54 0.0479 0.08
2 0.1484 0.5275 0.0219 0.0783
2 0.1313 0.5358 0.0167 0.0717
1 0.5198 0.5208 0.0625 0.0583
2 0.0781 0.5467 0.0146 0.0567
2 0.0807 0.5383 0.024 0.08
2 0.2849 0.5133 0.024 0.0733
1 0.2437 0.5342 0.0583 0.045
10 0.1594 0.5167 0.0521 0.0867
1 0.1719 0.525 0.0875 0.0733
2 0.1031 0.5433 0.0146 0.07
