4 0.4313 0.18 0.025 0.0767
1 0.3224 0.5033 0.0281 0.05
4 0.6948 0.3567 0.0271 0.0633
4 0.3047 0.1975 0.0219 0.055
3 0.1271 0.1633 0.0187 0.0667
1 0.8766 0.505 0.0656 0.05
4 0.6932 0.3358 0.0302 0.0783
4 0.301 0.1767 0.0333 0.0833
1 0.3266 0.5067 0.0281 0.03
1 0.1755 0.4783 0.1865 0.25
1 0.0604 0.5067 0.0708 0.11
7 0.1333 0.1767 0.025 0.0833
1 0.5115 0.5308 0.0688 0.095
1 0.8781 0.5025 0.0646 0.0783
1 0.376 0.5092 0.0979 0.1317
4 0.424 0.2117 0.0333 0.0767
10 0.1786 0.4825 0.1531 0.245
1 0.537 0.4917 0.0385 0.0633
