2 0.1964 0.6192 0.0677 0.4583
2 0.937 0.525 0.0323 0.1133
2 0.7354 0.5083 0.0458 0.16
2 0.7057 0.4642 0.0281 0.0617
2 0.813 0.5075 0.0406 0.135
2 0.8438 0.4833 0.0354 0.0933
1 0.5312 0.5017 0.0396 0.0733
2 0.8953 0.4717 0.0385 0.0967
1 0.513 0.4975 0.0365 0.085
1 0.4875 0.5017 0.0146 0.0567
2 0.2359 0.625 0.1177 0.5433
1 0.1193 0.5342 0.1469 0.0983
2 0.7135 0.5192 0.0437 0.0983
2 0.9656 0.5025 0.0479 0.1517
2 0.474 0.4933 0.0104 0.0567
2 0.7682 0.4967 0.026 0.1467
1 0.4115 0.5058 0.0542 0.0783
1 0.2854 0.5167 0.0708 0.09
