6 0.6568 0.4075 0.0198 0.0617
2 0.1688 0.5321 0.0146 0.0725
1 0.1784 0.5175 0.0745 0.1
1 0.3297 0.4783 0.0969 0.1567
2 0.2586 0.5254 0.0182 0.0692
2 0.1326 0.5317 0.012 0.0683
6 0.5203 0.3242 0.0219 0.0683
2 0.1797 0.5312 0.0135 0.0625
1 0.0703 0.55 0.1396 0.1967
2 0.2849 0.5133 0.024 0.0733
2 0.2143 0.5312 0.012 0.0692
10 0.3312 0.4475 0.1 0.0783
1 0.8182 0.5167 0.1448 0.08
7 0.0563 0.4358 0.0167 0.0483
2 0.2612 0.5246 0.0203 0.0725
2 0.1453 0.5333 0.0135 0.07
7 0.449 0.32 0.0208 0.0533
7 0.0563 0.4367 0.0271 0.06
2 0.2237 0.5292 0.0161 0.0667
1 0.6089 0.525 0.0865 0.08
