2 0.6312 0.5183 0.0187 0.0567
1 0.5292 0.5192 0.0125 0.035
2 0.9531 0.5417 0.0292 0.12
1 0.0224 0.565 0.0448 0.21
1 0.0865 0.5792 0.1313 0.1817
2 0.6312 0.515 0.0146 0.04
1 0.4979 0.5208 0.025 0.045
6 0.4141 0.3258 0.0177 0.045
1 0.8969 0.5225 0.1458 0.0817
6 0.4917 0.3258 0.0167 0.0517
1 0.6911 0.5633 0.1552 0.1733
3 0.3182 0.3292 0.0177 0.0517
10 0.076 0.5017 0.1083 0.0867
10 0.8562 0.48 0.1917 0.1333
1 0.5427 0.5258 0.0396 0.0517
1 0.2844 0.5917 0.3292 0.4233
6 0.9286 0.2517 0.049 0.1467
6 0.6797 0.4158 0.0156 0.045
