4 0.5391 0.4167 0.0135 0.03
4 0.3474 0.345 0.0177 0.0433
1 0.351 0.4992 0.0354 0.105
0 0.5344 0.4942 0.025 0.075
7 0.2797 0.3467 0.0198 0.0433
7 0.2818 0.3508 0.0219 0.055
1 0.2755 0.4925 0.1344 0.1517
4 0.4005 0.3458 0.0177 0.045
1 0.1766 0.4792 0.0927 0.105
1 0.1849 0.4742 0.0969 0.1017
4 0.574 0.3858 0.0187 0.065
1 0.3557 0.4992 0.0406 0.0917
1 0.45 0.4975 0.0771 0.105
4 0.5724 0.3908 0.0156 0.0483
4 0.4031 0.345 0.0146 0.0367
1 0.8807 0.4567 0.0406 0.0633
4 0.3464 0.3375 0.0156 0.035
1 0.9255 0.4567 0.0594 0.05
0 0.5328 0.4942 0.024 0.0783
1 0.874 0.4658 0.0479 0.0417
