1 0.299 0.5225 0.0938 0.0783
10 0.5172 0.4767 0.0531 0.1267
1 0.124 0.5308 0.0521 0.1417
1 0.0307 0.5667 0.0615 0.2067
1 0.0359 0.59 0.0719 0.1933
1 0.5109 0.5192 0.0448 0.0583
10 0.351 0.515 0.0229 0.08
10 0.3766 0.5075 0.0677 0.0783
2 0.5953 0.5533 0.0573 0.3567
1 0.1734 0.5408 0.0844 0.145
2 0.6682 0.5 0.0281 0.1333
2 0.6484 0.55 0.0719 0.3567
10 0.4531 0.4825 0.0563 0.1217
1 0.3349 0.5075 0.0635 0.0683
1 0.1125 0.535 0.0729 0.1367
10 0.449 0.48 0.0563 0.1233
1 0.513 0.5217 0.0469 0.06
2 0.2302 0.5058 0.025 0.1417
2 0.2615 0.5092 0.025 0.1317
1 0.2984 0.5217 0.101 0.0733
2 0.2615 0.5092 0.0229 0.1117
2 0.2307 0.5075 0.0323 0.145
1 0.1786 0.5367 0.0885 0.12
10 0.5198 0.455 0.0583 0.0867
1 0.087 0.5575 0.0948 0.195
1 0.3583 0.5075 0.1021 0.0783
