1 0.1714 0.54 0.0469 0.05
2 0.725 0.5217 0.0208 0.0867
2 0.7688 0.52 0.0312 0.1167
2 0.487 0.5258 0.0219 0.0683
2 0.5865 0.5225 0.0187 0.0817
2 0.7016 0.5283 0.024 0.0867
2 0.5755 0.5208 0.0177 0.0817
3 0.5635 0.415 0.0271 0.0767
1 0.0667 0.6217 0.1333 0.3633
3 0.3891 0.2858 0.024 0.075
2 0.5615 0.52 0.0208 0.0733
2 0.6047 0.5225 0.024 0.0917
1 0.95 0.52 0.0958 0.0833
2 0.687 0.525 0.0219 0.0867
0 0.6542 0.5267 0.0333 0.09
1 0.3307 0.6617 0.326 0.42
0 0.6271 0.5275 0.0333 0.0917
3 0.2776 0.28 0.024 0.0667
