1 0.0784 0.5504 0.1557 0.1742
6 0.7266 0.415 0.0135 0.0267
6 0.6615 0.3617 0.0146 0.04
6 0.7396 0.1867 0.0187 0.0567
6 0.587 0.375 0.0156 0.0467
7 0.576 0.1425 0.0187 0.0617
6 0.724 0.42 0.0167 0.04
7 0.575 0.1275 0.0229 0.055
6 0.663 0.3633 0.0156 0.04
1 0.6443 0.485 0.0781 0.0567
1 0.1635 0.4983 0.0896 0.0567
1 0.5229 0.4933 0.0667 0.0567
1 0.8682 0.6 0.2594 0.3533
1 0.8667 0.5917 0.2625 0.34
1 0.6422 0.4875 0.076 0.0617
6 0.737 0.1858 0.0219 0.0617
6 0.2833 0.3708 0.0271 0.095
1 0.6958 0.48 0.0354 0.0533
6 0.938 0.3417 0.024 0.06
1 0.3307 0.5075 0.0802 0.0583
6 0.288 0.3842 0.0448 0.1383
1 0.5151 0.4983 0.076 0.0467
2 0.9922 0.5108 0.0135 0.0783
6 0.588 0.3725 0.0156 0.0383
1 0.1724 0.4933 0.0885 0.0533
