6 0.4917 0.3783 0.0146 0.0267
6 0.3802 0.3758 0.0125 0.0283
1 0.7302 0.4908 0.1125 0.0783
1 0.6578 0.4933 0.049 0.0533
6 0.4458 0.3717 0.0146 0.03
1 0.7359 0.4942 0.1094 0.065
1 0.3948 0.5158 0.1104 0.105
1 0.201 0.4933 0.1729 0.2133
1 0.3104 0.5183 0.0542 0.0833
6 0.3802 0.375 0.0146 0.0267
6 0.337 0.3825 0.0135 0.035
6 0.3365 0.375 0.0187 0.0333
10 0.0661 0.4033 0.1323 0.35
6 0.4948 0.3717 0.0187 0.0367
6 0.4443 0.375 0.0156 0.0267
6 0.5875 0.4283 0.0125 0.0267
1 0.674 0.4933 0.0542 0.04
1 0.5219 0.53 0.1062 0.14
6 0.8219 0.335 0.0229 0.0367
