2 0.9865 0.495 0.0229 0.1
1 0.8661 0.51 0.074 0.1133
1 0.2714 0.5208 0.101 0.085
1 0.5589 0.4975 0.0177 0.045
4 0.726 0.4175 0.0167 0.0517
1 0.3453 0.5175 0.0719 0.075
1 0.4745 0.4958 0.0323 0.0417
1 0.4161 0.4942 0.0281 0.035
3 0.5682 0.3608 0.024 0.0617
1 0.0938 0.4992 0.0417 0.0317
3 0.8 0.075 0.0271 0.0933
1 0.0833 0.5175 0.0542 0.045
1 0.4417 0.5008 0.025 0.0483
1 0.0875 0.525 0.0375 0.0533
6 0.801 0.0767 0.05 0.1167
1 0.1708 0.5033 0.1021 0.0633
1 0.5385 0.4925 0.0187 0.055
3 0.6526 0.3567 0.0156 0.0433
3 0.0823 0.0783 0.1646 0.1567
1 0.8495 0.4883 0.0719 0.0433
1 0.4198 0.5 0.0354 0.04
1 0.5828 0.4958 0.0385 0.065
