1 0.2516 0.5325 0.126 0.0817
1 0.2516 0.5358 0.1094 0.0817
6 0.4865 0.3692 0.0167 0.0417
1 0.3573 0.5425 0.0854 0.1083
6 0.4151 0.3525 0.0156 0.045
1 0.3542 0.5492 0.0938 0.1217
1 0.85 0.5633 0.2375 0.19
7 0.3271 0.3492 0.0167 0.0517
1 0.4953 0.5275 0.051 0.125
6 0.488 0.375 0.0135 0.0467
1 0.7083 0.505 0.1521 0.1967
1 0.5708 0.5483 0.1479 0.1767
1 0.5047 0.525 0.0719 0.1333
6 0.9016 0.3533 0.0365 0.1033
6 0.5802 0.4383 0.0208 0.0567
6 0.9078 0.3525 0.0302 0.095
1 0.1336 0.5246 0.0234 0.0325
6 0.4115 0.3533 0.0146 0.0533
7 0.3286 0.35 0.0156 0.05
1 0.7 0.5233 0.1313 0.14
3 0.5786 0.4258 0.0156 0.0417
