3 0.3182 0.3292 0.0177 0.0517
2 0.9464 0.5496 0.0271 0.1142
1 0.5359 0.5258 0.0344 0.045
6 0.9297 0.2575 0.049 0.1517
1 0.4479 0.5308 0.0479 0.0683
6 0.4922 0.3267 0.0177 0.0533
1 0.8771 0.4817 0.2333 0.1633
1 0.5339 0.5233 0.0323 0.05
1 0.0646 0.5158 0.0708 0.0617
6 0.4146 0.3267 0.0187 0.0467
1 0.4531 0.5242 0.05 0.095
1 0.2849 0.5917 0.3302 0.4233
1 0.6891 0.5625 0.151 0.1717
10 0.8328 0.48 0.149 0.1267
1 0.0078 0.5983 0.0146 0.1333
6 0.6797 0.4175 0.0156 0.045
1 0.8885 0.5242 0.1458 0.0817
1 0.0859 0.5808 0.1302 0.1817
2 0.6229 0.5183 0.0146 0.04
10 0.0844 0.4925 0.1125 0.095
