1 0.3297 0.6525 0.3323 0.4217
0 0.6609 0.5258 0.0281 0.0917
2 0.5094 0.5317 0.0354 0.0867
2 0.0849 0.5508 0.0156 0.065
0 0.6615 0.5283 0.025 0.09
2 0.0922 0.5467 0.0177 0.0767
1 0.7672 0.5325 0.1594 0.0917
2 0.0432 0.5492 0.0219 0.0783
1 0.1214 0.5392 0.074 0.0783
1 0.9479 0.5192 0.1021 0.0983
7 0.2807 0.2775 0.0219 0.065
2 0.5708 0.5192 0.0167 0.0817
0 0.5094 0.53 0.0333 0.0733
1 0.1802 0.5408 0.0521 0.0517
1 0.1786 0.54 0.0469 0.0667
0 0.0172 0.55 0.0333 0.0783
2 0.5844 0.5208 0.0187 0.0683
6 0.563 0.41 0.024 0.0633
6 0.3901 0.2858 0.0219 0.0717
