3 0.0823 0.0783 0.1646 0.1567
6 0.5661 0.3642 0.0135 0.0417
1 0.4182 0.4967 0.0302 0.04
1 0.8089 0.5025 0.0302 0.0383
2 0.9615 0.4933 0.0229 0.1
6 0.8016 0.0767 0.0281 0.09
1 0.475 0.495 0.0271 0.0367
1 0.1708 0.5033 0.1021 0.0633
6 0.801 0.0767 0.05 0.1167
1 0.8615 0.4908 0.0854 0.055
1 0.3391 0.5158 0.074 0.0783
3 0.5682 0.3608 0.024 0.0617
1 0.2182 0.5133 0.0594 0.0767
1 0.0938 0.4992 0.0417 0.0317
1 0.4172 0.4992 0.0323 0.0417
1 0.4167 0.4975 0.0375 0.045
3 0.5734 0.03 0.0281 0.0567
3 0.0651 0.0675 0.076 0.125
1 0.2687 0.5258 0.1042 0.0783
6 0.6526 0.3575 0.0094 0.0383
1 0.0875 0.5275 0.0375 0.0517
