6 0.6161 0.3925 0.0156 0.0417
1 0.4266 0.4858 0.0344 0.055
1 0.6766 0.525 0.1177 0.1667
1 0.051 0.5108 0.0396 0.095
3 0.387 0.3308 0.0156 0.0383
1 0.8542 0.5775 0.2875 0.2883
1 0.6646 0.515 0.1062 0.1667
1 0.2974 0.4842 0.1865 0.215
0 0.6229 0.4933 0.0333 0.1033
1 0.0745 0.5033 0.0781 0.0767
6 0.0797 0.3783 0.0156 0.0533
6 0.613 0.3883 0.0177 0.0367
1 0.1437 0.5083 0.1708 0.1133
1 0.4307 0.49 0.0448 0.0667
6 0.7922 0.3308 0.0219 0.0683
1 0.499 0.5208 0.125 0.1717
6 0.4818 0.2942 0.0135 0.0517
6 0.7953 0.3142 0.0219 0.0417
7 0.0828 0.3875 0.0219 0.0717
1 0.1411 0.5158 0.176 0.1017
