6 0.5193 0.3242 0.0219 0.0683
10 0.3292 0.4817 0.1 0.1467
2 0.0443 0.5533 0.0135 0.07
1 0.5005 0.5158 0.0385 0.0483
1 0.2474 0.5325 0.0573 0.0483
2 0.6047 0.5925 0.101 0.3783
2 0.2849 0.5133 0.024 0.0733
2 0.026 0.555 0.0146 0.0567
1 0.5604 0.515 0.0302 0.045
0 0.099 0.5383 0.0167 0.0667
10 0.1755 0.5217 0.0802 0.0833
10 0.2406 0.5117 0.0563 0.0567
7 0.4484 0.32 0.0198 0.0533
0 0.0823 0.5375 0.0104 0.0683
2 0.1198 0.5367 0.0167 0.08
1 0.5016 0.5158 0.0385 0.055
2 0.0307 0.55 0.0115 0.0767
1 0.1719 0.525 0.0875 0.0733
2 0.0661 0.5425 0.0177 0.0717
2 0.2917 0.5992 0.1021 0.4317
2 0.1365 0.5333 0.0146 0.0767
2 0.075 0.5425 0.0167 0.0717
2 0.2896 0.6033 0.0938 0.4267
1 0.2339 0.515 0.0406 0.0567
1 0.8089 0.5092 0.1698 0.0983
2 0.0807 0.5383 0.024 0.08
7 0.0547 0.4367 0.0177 0.05
6 0.6562 0.4075 0.0208 0.0617
