2 0.0969 0.5208 0.0167 0.0317
2 0.5146 0.5117 0.0208 0.0967
2 0.849 0.4842 0.0208 0.1517
1 0.2276 0.5492 0.0802 0.1183
1 0.2818 0.5292 0.0219 0.0483
2 0.9922 0.4792 0.0135 0.1517
2 0.6281 0.51 0.0167 0.1133
2 0.0229 0.5517 0.0229 0.0933
2 0.6667 0.4925 0.0208 0.1117
1 0.4016 0.5133 0.0177 0.0433
2 0.6432 0.4942 0.0177 0.105
2 0.8521 0.4908 0.025 0.145
2 0.9083 0.4867 0.0312 0.1633
2 0.8542 0.4942 0.0271 0.145
2 0.6292 0.5058 0.0187 0.1217
1 0.1229 0.5533 0.0792 0.1033
2 0.6427 0.4983 0.0187 0.11
2 0.5151 0.5208 0.0198 0.115
2 0.0276 0.5525 0.026 0.1283
2 0.0281 0.5567 0.0208 0.08
2 0.95 0.4758 0.0208 0.1517
2 0.8516 0.4725 0.0219 0.135
2 0.9542 0.4858 0.0292 0.1483
2 0.5391 0.5092 0.0156 0.115
1 0.4344 0.5208 0.0542 0.065
3 0.5813 0.3092 0.0292 0.095
