1 0.1682 0.5375 0.0573 0.0683
1 0.2531 0.52 0.0458 0.08
2 0.0289 0.6025 0.0568 0.355
2 0.6911 0.5958 0.0781 0.445
2 0.8557 0.5758 0.0948 0.4983
2 0.0464 0.5533 0.051 0.13
2 0.3104 0.6017 0.0583 0.5067
2 0.0578 0.5492 0.0365 0.1317
1 0.4031 0.5175 0.2 0.1217
1 0.1682 0.5383 0.0656 0.0833
2 0.4135 0.6108 0.075 0.545
1 0.2062 0.5208 0.0312 0.0717
2 0.0677 0.5583 0.0187 0.1
1 0.2521 0.5175 0.0604 0.0883
2 0.4885 0.5958 0.0729 0.4783
1 0.8526 0.5183 0.2573 0.14
6 0.5266 0.3458 0.0281 0.0817
2 0.5208 0.5875 0.1313 0.485
