2 0.1604 0.5842 0.0187 0.145
1 0.5 0.5275 0.0437 0.0617
2 0.1594 0.5792 0.025 0.145
2 0.5214 0.5383 0.024 0.16
1 0.9182 0.7783 0.1625 0.4417
2 0.6521 0.5425 0.0208 0.1483
6 0.1938 0.42 0.0187 0.06
2 0.2411 0.5642 0.026 0.1717
2 0.4547 0.5283 0.0302 0.0867
2 0.3349 0.5517 0.026 0.17
2 0.5224 0.5458 0.0219 0.1683
2 0.2443 0.5617 0.0385 0.1767
2 0.1859 0.5717 0.0281 0.1633
6 0.5687 0.4025 0.0208 0.0583
2 0.3083 0.5733 0.0187 0.1733
2 0.3911 0.5342 0.0469 0.095
2 0.5328 0.55 0.0531 0.1667
2 0.013 0.5696 0.0177 0.0908
1 0.5 0.5242 0.0542 0.0617
2 0.4042 0.5392 0.0146 0.0917
1 0.824 0.6275 0.3271 0.3583
2 0.6536 0.5425 0.0365 0.1483
2 0.6255 0.5458 0.0417 0.1467
2 0.3078 0.5542 0.0156 0.1517
2 0.8417 0.4375 0.0271 0.0617
2 0.2859 0.5683 0.0281 0.16
