4 0.5208 0.4333 0.0125 0.0433
3 0.3677 0.3775 0.0125 0.0317
1 0.4083 0.5833 0.125 0.16
4 0.5099 0.4475 0.0115 0.025
1 0.2698 0.5433 0.0542 0.0767
1 0.1469 0.53 0.0646 0.0433
1 0.2224 0.5225 0.0427 0.0583
2 0.9271 0.5275 0.05 0.205
10 0.0339 0.4925 0.0677 0.0917
1 0.2698 0.5392 0.0521 0.0717
1 0.1516 0.5317 0.0635 0.05
1 0.2224 0.5175 0.0427 0.055
1 0.463 0.5442 0.0365 0.1317
1 0.074 0.54 0.0938 0.04
1 0.4859 0.5325 0.0198 0.0517
1 0.3078 0.5342 0.0281 0.0483
4 0.4255 0.3792 0.0115 0.0383
1 0.5089 0.525 0.0323 0.0467
7 0.3688 0.3783 0.0167 0.0433
