6 0.4198 0.375 0.0146 0.0233
4 0.5948 0.4333 0.0146 0.0467
1 0.5714 0.5067 0.0219 0.0967
1 0.188 0.5083 0.0865 0.07
1 0.6677 0.5342 0.1083 0.1317
1 0.1885 0.51 0.0875 0.1033
1 0.6719 0.5333 0.1229 0.1
1 0.4437 0.4867 0.0396 0.0533
1 0.5583 0.5008 0.0229 0.0783
1 0.3969 0.4975 0.0354 0.0483
4 0.5542 0.445 0.0146 0.0233
6 0.2719 0.4467 0.0125 0.03
4 0.4698 0.3917 0.0146 0.0267
1 0.3984 0.4925 0.0344 0.055
4 0.5573 0.4367 0.0229 0.0433
4 0.4703 0.3917 0.0198 0.04
4 0.5927 0.4383 0.0125 0.0267
1 0.6141 0.515 0.0781 0.11
7 0.4219 0.3858 0.0187 0.0517
1 0.5979 0.51 0.0396 0.1133
