3 0.5813 0.3092 0.0292 0.095
2 0.5823 0.5067 0.0167 0.1033
2 0.5813 0.5008 0.0229 0.095
1 0.2276 0.5492 0.0802 0.1183
2 0.6026 0.4992 0.0177 0.105
2 0.5193 0.5167 0.0177 0.1267
2 0.624 0.4925 0.0208 0.1117
2 0.9156 0.4792 0.0208 0.1517
2 0.9167 0.4867 0.0208 0.1333
2 0.8792 0.49 0.0312 0.1633
2 0.8344 0.49 0.0187 0.1467
2 0.0661 0.5475 0.0219 0.085
2 0.8333 0.4975 0.025 0.145
1 0.2818 0.5292 0.0219 0.0483
2 0.8443 0.4733 0.024 0.1367
2 0.4927 0.5158 0.0229 0.1017
2 0.9427 0.4867 0.0312 0.1833
1 0.1229 0.5533 0.0792 0.1033
2 0.6052 0.4975 0.0208 0.095
2 0.8448 0.4892 0.0187 0.1517
2 0.9406 0.4875 0.025 0.145
2 0.8531 0.4975 0.0292 0.1483
1 0.4016 0.5133 0.0177 0.0433
1 0.4344 0.5208 0.0542 0.065
2 0.4932 0.5242 0.0198 0.115
2 0.063 0.5458 0.0177 0.0817
2 0.9464 0.4875 0.0156 0.1517
