10 0.076 0.5017 0.1083 0.0867
6 0.4141 0.3258 0.0177 0.045
1 0.4938 0.5208 0.025 0.045
1 0.2844 0.5917 0.3292 0.4233
6 0.6797 0.4158 0.0156 0.045
1 0.5458 0.5275 0.0396 0.055
10 0.862 0.4792 0.2031 0.135
2 0.9542 0.5417 0.0292 0.12
6 0.9307 0.2525 0.049 0.1483
3 0.3182 0.3292 0.0177 0.0517
1 0.6917 0.5633 0.1562 0.1733
2 0.6323 0.5133 0.0146 0.04
1 0.0156 0.5867 0.0312 0.17
2 0.6312 0.5183 0.0187 0.0567
1 0.5286 0.52 0.0219 0.0367
1 0.087 0.5792 0.1323 0.1817
1 0.924 0.5208 0.1458 0.0817
6 0.4917 0.3258 0.0167 0.0517
