1 0.5052 0.4858 0.0521 0.0517
1 0.6839 0.4717 0.0302 0.0267
0 0.8557 0.4983 0.0448 0.0667
1 0.3031 0.4625 0.0292 0.0383
1 0.2115 0.4683 0.0375 0.0433
1 0.126 0.465 0.0354 0.0367
6 0.5167 0.345 0.025 0.0333
6 0.5099 0.3492 0.0135 0.0383
1 0.2995 0.4625 0.024 0.045
7 0.4411 0.3492 0.0198 0.045
6 0.7099 0.3908 0.0135 0.055
1 0.2661 0.4658 0.0323 0.0417
1 0.1318 0.4533 0.051 0.07
6 0.5865 0.375 0.0125 0.0367
1 0.213 0.47 0.0385 0.0367
6 0.7083 0.3758 0.0167 0.0317
1 0.174 0.4592 0.0271 0.0317
1 0.263 0.4642 0.0427 0.045
1 0.6016 0.4858 0.0781 0.0717
6 0.5839 0.3692 0.0198 0.0383
1 0.1771 0.4592 0.0292 0.0283
