1 0.3146 0.4925 0.0563 0.0817
2 0.9042 0.4817 0.0208 0.0533
2 0.9078 0.485 0.0198 0.09
2 0.7979 0.4825 0.0146 0.0517
2 0.912 0.4983 0.0115 0.0833
1 0.3542 0.5083 0.0917 0.1
3 0.801 0.0733 0.025 0.09
2 0.9193 0.4917 0.024 0.07
3 0.5703 0.0283 0.026 0.0567
3 0.6526 0.355 0.0156 0.04
4 0.7255 0.4108 0.0156 0.045
1 0.187 0.5225 0.149 0.1083
1 0.1885 0.5233 0.1521 0.1167
1 0.4401 0.4967 0.0552 0.0533
1 0.4755 0.495 0.026 0.05
3 0.0714 0.085 0.1094 0.1567
3 0.5661 0.3608 0.0135 0.0517
0 0.849 0.4908 0.0229 0.0983
