1 0.2828 0.4892 0.0365 0.0483
4 0.424 0.3667 0.0125 0.0433
1 0.3297 0.4892 0.0385 0.0583
5 0.3682 0.3675 0.0156 0.0383
1 0.4516 0.4883 0.0302 0.0433
10 0.8187 0.4467 0.0437 0.0933
4 0.65 0.4008 0.0146 0.055
1 0.4323 0.5 0.0437 0.0533
1 0.3292 0.4892 0.0354 0.0383
10 0.862 0.4192 0.0844 0.1017
2 0.6302 0.4992 0.0271 0.0717
5 0.3677 0.3658 0.0146 0.0483
10 0.9266 0.4175 0.1406 0.1317
1 0.0906 0.5025 0.0625 0.035
4 0.5813 0.435 0.0146 0.0333
4 0.5807 0.4342 0.0177 0.035
4 0.4276 0.3725 0.0177 0.0417
4 0.6495 0.3975 0.0177 0.0583
1 0.2339 0.4858 0.0469 0.045
1 0.3786 0.4967 0.0427 0.0533
1 0.4964 0.4917 0.0302 0.0467
