7 0.1688 0.3792 0.0229 0.065
1 0.325 0.47 0.05 0.0567
6 0.4682 0.2942 0.0156 0.0417
6 0.5391 0.29 0.0135 0.06
6 0.4646 0.29 0.0125 0.05
0 0.2797 0.47 0.0198 0.0633
1 0.412 0.4725 0.049 0.0617
1 0.9833 0.49 0.0271 0.0633
6 0.7458 0.3883 0.0146 0.04
1 0.6021 0.4925 0.1479 0.0783
6 0.6094 0.3008 0.0167 0.0383
1 0.3708 0.4767 0.0375 0.0467
6 0.5365 0.2967 0.0146 0.05
6 0.6089 0.3058 0.0156 0.045
1 0.901 0.4625 0.0667 0.045
7 0.1734 0.3783 0.0156 0.0433
1 0.9047 0.4667 0.0573 0.0667
1 0.3714 0.4683 0.0344 0.0567
6 0.7443 0.3883 0.0156 0.05
1 0.9849 0.4908 0.026 0.0617
