6 0.4141 0.3258 0.0198 0.0483
1 0.4609 0.52 0.049 0.07
1 0.8771 0.4817 0.2333 0.1633
10 0.8094 0.4808 0.1062 0.1183
1 0.0234 0.575 0.0344 0.1833
1 0.7818 0.525 0.1385 0.1133
2 0.6198 0.515 0.0146 0.04
6 0.6792 0.4167 0.0167 0.0467
2 0.9458 0.5487 0.0219 0.1192
6 0.9292 0.2567 0.05 0.1533
10 0.0839 0.4875 0.1115 0.085
1 0.8885 0.5242 0.1458 0.0817
1 0.5318 0.5258 0.0344 0.045
3 0.3172 0.3283 0.0177 0.0533
1 0.5328 0.5217 0.024 0.0433
1 0.0891 0.5808 0.1281 0.1783
6 0.4917 0.3258 0.0187 0.055
1 0.6901 0.5633 0.149 0.17
1 0.2844 0.59 0.3292 0.42
