1 0.3844 0.525 0.0437 0.0667
1 0.8292 0.51 0.0875 0.0767
4 0.5781 0.4283 0.0167 0.0533
1 0.8073 0.5183 0.0563 0.0867
1 0.0573 0.5 0.0688 0.1
4 0.5745 0.435 0.0177 0.0633
1 0.0484 0.555 0.0594 0.05
1 0.9057 0.5142 0.1573 0.095
3 0.2177 0.3533 0.0187 0.05
3 0.3734 0.345 0.0177 0.0467
6 0.437 0.35 0.0177 0.05
3 0.2755 0.3383 0.0198 0.0667
4 0.3677 0.3367 0.0187 0.0567
1 0.4604 0.5508 0.1313 0.1617
7 0.2135 0.3433 0.0229 0.0633
1 0.337 0.5367 0.0615 0.1067
1 0.1911 0.5283 0.2698 0.2867
4 0.4365 0.35 0.0333 0.0767
