1 0.3688 0.5417 0.1083 0.1267
1 0.0854 0.5367 0.1146 0.0667
7 0.5271 0.3367 0.0125 0.04
2 0.7859 0.5025 0.0198 0.085
3 0.7552 0.3583 0.0229 0.0767
1 0.862 0.505 0.0281 0.05
2 0.7734 0.5058 0.0156 0.075
1 0.6578 0.53 0.1177 0.1633
7 0.5292 0.3367 0.0167 0.0433
1 0.2135 0.5258 0.0792 0.045
1 0.2375 0.5392 0.0875 0.0617
10 0.0583 0.4775 0.1167 0.105
4 0.5958 0.33 0.0146 0.04
4 0.7057 0.4083 0.0115 0.0367
7 0.2953 0.4342 0.0156 0.0483
1 0.4927 0.5458 0.0896 0.1217
2 0.7859 0.4933 0.0156 0.0833
2 0.8198 0.4917 0.0146 0.09
1 0.6089 0.5033 0.049 0.05
1 0.4276 0.5317 0.0635 0.0733
1 0.087 0.5358 0.1177 0.0717
7 0.2953 0.4283 0.0135 0.0333
