4 0.5516 0.4208 0.0198 0.055
1 0.1536 0.5275 0.051 0.0583
6 0.2224 0.4475 0.0177 0.0417
1 0.3536 0.5108 0.0427 0.055
1 0.2979 0.5142 0.0312 0.0383
1 0.0859 0.5017 0.0594 0.0567
6 0.3823 0.3833 0.0146 0.0367
4 0.549 0.4292 0.0146 0.0283
1 0.3458 0.5133 0.0604 0.0733
1 0.7151 0.4767 0.0406 0.04
1 0.5927 0.4792 0.0646 0.0417
1 0.5943 0.4775 0.0656 0.0417
1 0.1578 0.525 0.0573 0.06
4 0.5141 0.4417 0.0135 0.0333
1 0.2328 0.535 0.1135 0.1167
1 0.6865 0.4733 0.0458 0.0467
1 0.299 0.515 0.0396 0.0567
4 0.4344 0.3933 0.0187 0.03
1 0.6422 0.4775 0.0302 0.0417
