6 0.4667 0.3592 0.0167 0.035
1 0.5432 0.5133 0.0198 0.0633
6 0.575 0.4658 0.0104 0.0283
6 0.6479 0.4275 0.0167 0.035
1 0.3958 0.51 0.0271 0.0367
1 0.1323 0.5475 0.15 0.1417
1 0.2375 0.5175 0.0771 0.0683
6 0.6214 0.4442 0.0156 0.0417
2 0.8807 0.5058 0.0219 0.0783
1 0.5 0.52 0.0542 0.06
1 0.2984 0.5158 0.0469 0.0317
1 0.238 0.515 0.074 0.0867
1 0.5615 0.5183 0.0146 0.05
2 0.8833 0.4933 0.0229 0.0833
2 0.8344 0.5092 0.025 0.085
1 0.4302 0.5058 0.0437 0.045
1 0.5781 0.5242 0.0208 0.0617
1 0.6318 0.5308 0.0844 0.0883
2 0.8344 0.495 0.0187 0.07
1 0.3563 0.5142 0.0417 0.045
6 0.5339 0.4367 0.0156 0.04
6 0.5365 0.3742 0.0167 0.0417
1 0.588 0.5175 0.0469 0.0717
