1 0.9802 0.4833 0.0333 0.0433
6 0.8016 0.0767 0.0281 0.09
1 0.8229 0.4858 0.05 0.0583
1 0.8698 0.4908 0.0854 0.055
2 0.9594 0.4933 0.0229 0.1
1 0.8208 0.49 0.0521 0.0433
1 0.1708 0.5033 0.1021 0.0633
1 0.8688 0.4842 0.0792 0.055
1 0.5406 0.4883 0.0271 0.0467
3 0.5682 0.3608 0.024 0.0617
1 0.4313 0.5008 0.025 0.0483
1 0.4724 0.4958 0.0323 0.0417
6 0.801 0.0767 0.05 0.1167
1 0.2714 0.5208 0.101 0.085
6 0.0651 0.0675 0.076 0.125
1 0.0938 0.4992 0.0417 0.0317
3 0.5734 0.03 0.0281 0.0567
1 0.4115 0.4983 0.0375 0.0333
1 0.0875 0.5233 0.0375 0.0533
1 0.3432 0.5192 0.0719 0.075
6 0.0823 0.0783 0.1646 0.1567
1 0.4354 0.4908 0.0208 0.0417
6 0.6526 0.3575 0.0094 0.0383
1 0.4036 0.4942 0.0281 0.035
1 0.2214 0.5133 0.0573 0.0733
6 0.5661 0.3642 0.0135 0.0417
