0 0.0177 0.5417 0.0354 0.08
10 0.2385 0.5117 0.0563 0.0567
2 0.2849 0.5133 0.024 0.0733
0 0.0932 0.54 0.0344 0.07
0 0.0135 0.5525 0.0271 0.0717
1 0.4057 0.5183 0.024 0.0333
0 0.0906 0.54 0.0167 0.0667
1 0.6177 0.5067 0.0521 0.0367
6 0.5188 0.325 0.0229 0.0667
2 0.0807 0.5383 0.024 0.08
1 0.2448 0.5158 0.0625 0.0583
7 0.4484 0.3217 0.0198 0.0567
1 0.1719 0.525 0.0875 0.0733
10 0.3281 0.4817 0.1 0.1467
1 0.5516 0.5067 0.0615 0.09
7 0.0531 0.4383 0.0208 0.0533
10 0.1734 0.5217 0.0823 0.0833
6 0.6557 0.4083 0.0219 0.0633
1 0.2474 0.5325 0.0573 0.0483
1 0.4714 0.5133 0.0281 0.04
