1 0.0505 0.5117 0.1 0.1667
1 0.5625 0.4975 0.0229 0.075
4 0.5781 0.445 0.0125 0.0267
1 0.6958 0.5292 0.1167 0.1817
1 0.3219 0.4867 0.0354 0.0433
6 0.4391 0.3967 0.0135 0.0267
4 0.4781 0.4067 0.0146 0.0267
6 0.3167 0.445 0.0125 0.03
1 0.8529 0.5508 0.2932 0.325
1 0.5958 0.5025 0.0688 0.065
1 0.4224 0.49 0.0302 0.05
1 0.2672 0.5025 0.049 0.045
4 0.5516 0.45 0.0156 0.0233
1 0.5927 0.51 0.0563 0.08
1 0.4547 0.4883 0.0344 0.0467
1 0.2635 0.5075 0.0667 0.0717
1 0.3229 0.495 0.05 0.0667
1 0.1227 0.5071 0.0922 0.0875
1 0.6766 0.5233 0.076 0.21
