2 0.638 0.5079 0.0208 0.0808
2 0.5807 0.5017 0.0219 0.07
1 0.5255 0.5158 0.0635 0.085
2 0.6214 0.5033 0.0198 0.0833
1 0.8854 0.6025 0.2271 0.525
2 0.1448 0.525 0.0229 0.07
1 0.5255 0.5175 0.0594 0.0617
2 0.8187 0.4767 0.0437 0.1267
2 0.5625 0.5275 0.0292 0.125
1 0.2745 0.6733 0.3844 0.42
2 0.5958 0.5183 0.0292 0.1133
2 0.7208 0.4867 0.0208 0.06
2 0.7432 0.5025 0.0385 0.075
4 0.2479 0.4217 0.0167 0.05
4 0.5167 0.4025 0.0187 0.0583
2 0.0156 0.5492 0.025 0.105
2 0.712 0.4908 0.0177 0.055
2 0.5771 0.5183 0.0146 0.12
2 0.6865 0.4942 0.0167 0.0433
2 0.8203 0.4533 0.0323 0.0667
1 0.4557 0.5392 0.1073 0.1817
