1 0.4031 0.4983 0.0396 0.0433
1 0.5771 0.5433 0.0938 0.17
1 0.2589 0.53 0.0615 0.06
1 0.6953 0.58 0.2385 0.25
1 0.0714 0.57 0.1302 0.1467
1 0.8628 0.7146 0.2734 0.5358
1 0.3505 0.5042 0.0281 0.045
1 0.5172 0.5133 0.0594 0.11
1 0.1812 0.5367 0.0979 0.0967
1 0.3245 0.51 0.0281 0.0433
1 0.324 0.5108 0.0292 0.0517
1 0.2615 0.5275 0.05 0.0717
1 0.3505 0.5 0.0323 0.0567
1 0.0656 0.5725 0.1302 0.1383
1 0.6984 0.5742 0.2427 0.2417
1 0.1833 0.5392 0.0979 0.1183
1 0.2969 0.5158 0.0417 0.0483
1 0.299 0.5242 0.0458 0.0617
1 0.5818 0.5417 0.1073 0.1733
1 0.401 0.5017 0.0271 0.0333
1 0.4839 0.5067 0.0198 0.0633
1 0.5281 0.51 0.0708 0.12
