4 0.5031 0.2767 0.0271 0.0767
1 0.7974 0.5383 0.0573 0.0633
4 0.6276 0.3158 0.0198 0.0617
1 0.212 0.5517 0.049 0.05
1 0.0698 0.545 0.0604 0.0433
1 0.8036 0.5375 0.0719 0.055
1 0.1536 0.5467 0.0427 0.0433
1 0.9151 0.74 0.1656 0.4533
1 0.5573 0.5467 0.075 0.1733
4 0.7719 0.4233 0.0229 0.05
7 0.3677 0.2383 0.0271 0.0767
1 0.9104 0.5475 0.1583 0.08
1 0.2656 0.5425 0.0771 0.095
4 0.626 0.3058 0.0312 0.075
1 0.0688 0.5492 0.0542 0.065
1 0.6609 0.5783 0.2031 0.2367
1 0.2172 0.5367 0.051 0.07
1 0.3906 0.5667 0.1062 0.1533
