1 0.213 0.5208 0.101 0.0583
3 0.301 0.3892 0.0167 0.0383
1 0.4656 0.5017 0.0292 0.0533
4 0.4938 0.4083 0.0187 0.0367
4 0.3875 0.4167 0.0104 0.0233
1 0.538 0.5225 0.0448 0.055
1 0.3979 0.5408 0.1187 0.1317
3 0.1589 0.32 0.0198 0.0533
1 0.301 0.5258 0.0625 0.085
1 0.3042 0.5258 0.0667 0.0917
10 0.6505 0.51 0.076 0.1033
1 0.4682 0.5117 0.0323 0.0367
1 0.9036 0.5808 0.1865 0.2217
10 0.6458 0.5092 0.0667 0.105
4 0.7115 0.425 0.0125 0.0433
4 0.4177 0.44 0.0146 0.0333
1 0.849 0.5475 0.1167 0.1217
1 0.3417 0.5133 0.0229 0.05
1 0.287 0.5125 0.0177 0.0217
1 0.5943 0.5192 0.0344 0.035
1 0.5427 0.5217 0.0563 0.0667
3 0.3557 0.3517 0.0177 0.04
