2 0.9453 0.545 0.025 0.12
3 0.3172 0.3283 0.0177 0.0533
1 0.0901 0.58 0.1281 0.1767
1 0.2849 0.59 0.3281 0.42
6 0.6792 0.4167 0.0167 0.0467
1 0.6906 0.5633 0.1479 0.17
6 0.4141 0.3258 0.0198 0.0483
10 0.8031 0.48 0.0958 0.1167
1 0.0234 0.5733 0.0344 0.1833
6 0.4917 0.3258 0.0187 0.055
10 0.0839 0.4858 0.1115 0.0817
1 0.5318 0.5258 0.0344 0.045
2 0.6125 0.5183 0.0146 0.04
1 0.5323 0.5167 0.0229 0.0333
6 0.9297 0.2567 0.051 0.1533
1 0.463 0.5183 0.049 0.0633
1 0.4729 0.5292 0.075 0.0817
1 0.8885 0.5242 0.1458 0.0817
1 0.0161 0.5867 0.0312 0.15
1 0.8771 0.4817 0.2333 0.1633
