1 0.3078 0.5217 0.0448 0.07
1 0.4234 0.52 0.049 0.0633
1 0.3068 0.5225 0.0385 0.0583
1 0.2703 0.5275 0.0552 0.0783
1 0.2458 0.5342 0.0333 0.0583
1 0.2135 0.5383 0.05 0.09
1 0.6385 0.5308 0.0771 0.0783
1 0.6396 0.5342 0.0896 0.0917
1 0.8568 0.5683 0.2427 0.21
1 0.5156 0.5242 0.05 0.065
1 0.3682 0.5258 0.0385 0.0583
6 0.5828 0.4342 0.0156 0.0383
1 0.1526 0.5283 0.1052 0.1467
1 0.5813 0.5258 0.0229 0.065
1 0.1052 0.5592 0.125 0.175
1 0.3703 0.5267 0.0323 0.04
1 0.6078 0.5225 0.0448 0.0717
1 0.2724 0.5317 0.0406 0.0633
1 0.563 0.5175 0.0365 0.0717
1 0.5625 0.5092 0.0542 0.0883
6 0.3833 0.4133 0.0083 0.0233
