4 0.7734 0.295 0.026 0.1167
4 0.5641 0.4317 0.0177 0.0467
4 0.4188 0.3325 0.0208 0.0483
1 0.7766 0.5075 0.1344 0.0717
7 0.3245 0.3342 0.0156 0.0483
1 0.1437 0.6008 0.1167 0.1883
1 0.7766 0.515 0.1427 0.0933
1 0.6969 0.5267 0.0312 0.0567
1 0.1365 0.5075 0.0667 0.0683
4 0.5641 0.425 0.024 0.05
1 0.8672 0.5167 0.0427 0.0633
1 0.1214 0.5867 0.1635 0.1433
4 0.4188 0.3417 0.0187 0.0467
1 0.2323 0.5508 0.0333 0.0417
1 0.8656 0.5133 0.0479 0.07
7 0.324 0.33 0.0229 0.0467
1 0.3266 0.5483 0.0281 0.05
4 0.775 0.3233 0.0292 0.05
