2 0.087 0.535 0.024 0.0633
1 0.2755 0.5325 0.0323 0.085
1 0.4323 0.5158 0.0458 0.0583
2 0.0896 0.5508 0.0146 0.0983
1 0.2823 0.5292 0.0312 0.065
2 0.801 0.49 0.0417 0.1567
2 0.0734 0.5508 0.024 0.0983
3 0.5828 0.3183 0.0281 0.0967
2 0.7031 0.5017 0.0354 0.1133
2 0.8417 0.48 0.0375 0.1667
2 0.0724 0.5492 0.0177 0.085
1 0.1193 0.5583 0.0844 0.09
1 0.2255 0.5475 0.0906 0.1083
2 0.6516 0.5075 0.0344 0.125
2 0.65 0.5042 0.0354 0.115
2 0.876 0.5192 0.0354 0.0783
2 0.8427 0.4933 0.0479 0.1567
2 0.6995 0.4992 0.0281 0.1217
1 0.3057 0.5175 0.0302 0.065
