1 0.8865 0.465 0.0979 0.0567
4 0.3521 0.425 0.0146 0.04
1 0.2818 0.5017 0.0469 0.0633
7 0.1062 0.3033 0.0187 0.05
1 0.2188 0.5075 0.0375 0.055
1 0.174 0.505 0.0542 0.0733
1 0.0333 0.6342 0.0656 0.435
4 0.2089 0.3133 0.0156 0.0433
4 0.2062 0.3275 0.0146 0.035
1 0.1146 0.5067 0.0479 0.07
1 0.7719 0.4708 0.1187 0.0617
1 0.026 0.6383 0.051 0.38
7 0.1062 0.305 0.0146 0.0633
1 0.776 0.4792 0.1187 0.0883
1 0.1115 0.5083 0.0396 0.0467
1 0.2188 0.51 0.0417 0.0533
1 0.8865 0.4683 0.1042 0.0733
4 0.3521 0.4167 0.0125 0.0433
