1 0.274 0.4942 0.05 0.0717
1 0.6141 0.5108 0.0677 0.1017
4 0.5865 0.4317 0.0125 0.0267
1 0.4161 0.49 0.0302 0.05
1 0.6224 0.5083 0.0719 0.1033
4 0.5552 0.4417 0.0229 0.0433
1 0.4516 0.485 0.0344 0.0467
1 0.1646 0.5129 0.0729 0.0808
1 0.4141 0.4858 0.0344 0.055
4 0.5865 0.43 0.0146 0.0467
6 0.4323 0.3867 0.0146 0.0267
1 0.8885 0.5779 0.2219 0.3892
7 0.4333 0.3858 0.0187 0.0517
4 0.4766 0.3917 0.0198 0.04
1 0.2734 0.4983 0.074 0.0633
4 0.4771 0.395 0.0146 0.0267
1 0.575 0.5025 0.0292 0.0783
4 0.5568 0.4433 0.0156 0.0233
6 0.2969 0.445 0.0125 0.03
