3 0.938 0.2592 0.049 0.1417
1 0.1297 0.5483 0.049 0.0467
1 0.3198 0.5825 0.2604 0.3417
3 0.6797 0.4333 0.0198 0.0567
3 0.4927 0.33 0.0167 0.0467
1 0.4818 0.5117 0.0094 0.03
3 0.4922 0.3308 0.026 0.0717
1 0.7969 0.6192 0.3729 0.3483
10 0.0464 0.5333 0.0906 0.1033
1 0.9422 0.52 0.0802 0.06
1 0.9406 0.5192 0.0833 0.075
1 0.1313 0.535 0.0458 0.0767
3 0.4156 0.3392 0.0167 0.055
1 0.4833 0.5158 0.1292 0.1017
3 0.4135 0.3267 0.025 0.0567
3 0.3167 0.3408 0.0208 0.0517
1 0.6271 0.5433 0.0458 0.1167
1 0.1797 0.5683 0.0865 0.14
1 0.637 0.5508 0.0698 0.1217
