2 0.7682 0.4908 0.0219 0.135
1 0.3 0.4958 0.0208 0.055
1 0.2724 0.4967 0.024 0.0567
2 0.474 0.4933 0.0104 0.0567
2 0.7031 0.4992 0.025 0.0717
1 0.3396 0.4983 0.0458 0.0633
1 0.126 0.5333 0.1667 0.0967
1 0.4062 0.51 0.0792 0.11
1 0.513 0.4975 0.0365 0.085
2 0.7365 0.4967 0.0312 0.1467
2 0.8021 0.5 0.0271 0.1333
2 0.8385 0.47 0.0292 0.0733
1 0.3214 0.495 0.0156 0.0367
2 0.9724 0.4992 0.0406 0.1483
1 0.4875 0.5017 0.0146 0.0567
2 0.8906 0.46 0.025 0.09
1 0.2396 0.5083 0.0396 0.0767
2 0.9224 0.5133 0.024 0.1167
1 0.2094 0.5125 0.0396 0.085
1 0.5312 0.5017 0.0396 0.0733
