0 0.6625 0.5275 0.025 0.0883
2 0.6047 0.5292 0.0552 0.085
2 0.7245 0.5225 0.0219 0.0883
2 0.699 0.525 0.0208 0.09
1 0.4828 0.5217 0.0594 0.1067
0 0.5062 0.525 0.0271 0.0833
1 0.3297 0.6533 0.3281 0.4267
2 0.726 0.5175 0.0229 0.0717
6 0.3906 0.2875 0.0229 0.075
2 0.5396 0.5158 0.0146 0.0717
0 0.5094 0.53 0.0333 0.0733
1 0.1198 0.5408 0.0771 0.0817
7 0.2802 0.2783 0.0229 0.0667
2 0.6818 0.53 0.0219 0.0767
2 0.5255 0.5158 0.0135 0.0717
6 0.5635 0.4117 0.025 0.0667
0 0.6599 0.5242 0.0323 0.0883
2 0.6094 0.5258 0.0229 0.0717
