6 0.6062 0.4083 0.0146 0.0433
1 0.1911 0.5042 0.0281 0.0483
8 0.6068 0.3958 0.0177 0.0283
1 0.2245 0.5 0.0323 0.0533
1 0.1505 0.5075 0.0573 0.0617
8 0.5557 0.425 0.0156 0.02
1 0.3719 0.4875 0.0208 0.0317
1 0.225 0.4983 0.0375 0.0533
1 0.9266 0.5567 0.1458 0.315
3 0.5302 0.3808 0.0167 0.0383
10 0.0651 0.4767 0.1292 0.0767
1 0.4406 0.4775 0.0208 0.0283
7 0.4625 0.4283 0.0187 0.04
1 0.1917 0.5092 0.0437 0.0483
10 0.0776 0.4542 0.101 0.0583
1 0.1474 0.5075 0.051 0.0617
1 0.2562 0.4942 0.0271 0.0383
6 0.5563 0.4267 0.0146 0.0367
1 0.2552 0.5008 0.0375 0.045
1 0.0797 0.5058 0.0885 0.1017
