1 0.2938 0.5117 0.0292 0.0567
3 0.1984 0.345 0.0198 0.0533
3 0.3661 0.37 0.0177 0.04
1 0.2536 0.5175 0.024 0.0317
1 0.3115 0.5108 0.0187 0.0183
1 0.4745 0.5033 0.0365 0.0567
1 0.3583 0.5142 0.0187 0.045
4 0.4927 0.4183 0.0187 0.0367
3 0.3214 0.4075 0.0094 0.035
1 0.8885 0.5583 0.1708 0.1233
1 0.475 0.5117 0.0333 0.0467
4 0.3937 0.4258 0.0083 0.0217
1 0.5667 0.525 0.0604 0.06
10 0.6443 0.5017 0.076 0.1033
1 0.4193 0.5367 0.1073 0.1233
4 0.4198 0.4417 0.0146 0.0333
1 0.5943 0.5167 0.0219 0.04
10 0.6448 0.505 0.075 0.0967
4 0.6745 0.4358 0.0135 0.035
1 0.324 0.5217 0.0479 0.0633
1 0.3292 0.5258 0.0563 0.0783
1 0.8917 0.5492 0.1688 0.1217
1 0.5703 0.5258 0.0677 0.0683
