2 0.9719 0.4892 0.0229 0.0783
1 0.5661 0.4933 0.0177 0.0567
1 0.0833 0.5175 0.0542 0.045
1 0.0938 0.4992 0.0417 0.0317
1 0.4542 0.5025 0.025 0.0483
3 0.5682 0.3608 0.024 0.0617
1 0.2714 0.5208 0.101 0.085
1 0.3536 0.5125 0.0719 0.075
1 0.1708 0.5033 0.1021 0.0633
1 0.0875 0.5292 0.0375 0.0517
3 0.8 0.075 0.0271 0.0933
1 0.537 0.4842 0.026 0.0417
1 0.5953 0.4975 0.0344 0.0483
1 0.6182 0.4908 0.0385 0.065
1 0.9229 0.4767 0.0729 0.0633
6 0.801 0.0767 0.05 0.1167
1 0.5557 0.4925 0.0281 0.0483
1 0.4323 0.4983 0.0354 0.04
2 0.9677 0.4783 0.025 0.0967
1 0.862 0.51 0.074 0.1133
6 0.0823 0.0783 0.1646 0.1567
1 0.4714 0.4992 0.0323 0.0417
4 0.726 0.4167 0.0167 0.05
1 0.4349 0.4992 0.0281 0.035
3 0.6526 0.3567 0.0156 0.0433
