1 0.438 0.4842 0.0323 0.045
7 0.1302 0.3983 0.0229 0.0567
1 0.4927 0.5092 0.0979 0.1417
1 0.0677 0.5083 0.1354 0.0833
2 0.8594 0.49 0.0312 0.09
6 0.4849 0.3142 0.0135 0.0517
1 0.624 0.5175 0.0729 0.1183
1 0.437 0.485 0.0385 0.0633
6 0.6026 0.4 0.0177 0.0367
3 0.4021 0.3483 0.0146 0.04
1 0.9255 0.49 0.0844 0.07
6 0.6057 0.4008 0.0177 0.0417
1 0.3583 0.4975 0.15 0.1783
1 0.7344 0.5283 0.1812 0.19
1 0.6307 0.5142 0.0823 0.1117
6 0.7401 0.3542 0.0219 0.0417
6 0.7375 0.3642 0.0229 0.0583
2 0.8641 0.4942 0.0281 0.1017
1 0.062 0.5067 0.124 0.1033
6 0.1297 0.4 0.0156 0.0533
