4 0.4073 0.4425 0.0083 0.0217
1 0.3047 0.5175 0.024 0.0317
10 0.6521 0.5008 0.0771 0.0883
4 0.4906 0.435 0.0187 0.0367
1 0.4224 0.5217 0.0344 0.05
1 0.8688 0.5517 0.1479 0.1167
4 0.4323 0.4567 0.0146 0.0333
1 0.6214 0.5333 0.074 0.0767
1 0.0229 0.555 0.0458 0.0867
3 0.3557 0.4292 0.0094 0.035
1 0.5818 0.515 0.0219 0.04
10 0.6479 0.5058 0.0708 0.0983
1 0.8708 0.56 0.1708 0.1233
3 0.3932 0.4033 0.0177 0.04
3 0.2609 0.38 0.0198 0.0533
1 0.624 0.5375 0.0688 0.0683
1 0.4813 0.5392 0.1042 0.1083
1 0.3396 0.5192 0.0187 0.0183
1 0.3682 0.52 0.0365 0.0433
