2 0.7229 0.4767 0.0333 0.1467
2 0.8607 0.4408 0.0474 0.205
2 0.7234 0.4708 0.024 0.1183
10 0.226 0.4992 0.0896 0.0617
2 0.1641 0.5283 0.0198 0.0733
10 0.5953 0.4642 0.0635 0.085
1 0.588 0.4625 0.0594 0.0783
7 0.449 0.445 0.0167 0.0433
1 0.5474 0.4967 0.0323 0.0367
1 0.5474 0.4933 0.0365 0.03
2 0.6708 0.4933 0.0229 0.09
1 0.5078 0.4858 0.0469 0.0583
2 0.1651 0.5217 0.0177 0.0533
0 0.3286 0.515 0.0281 0.0533
1 0.1698 0.5233 0.0792 0.0433
7 0.4474 0.4425 0.0135 0.0417
1 0.1161 0.5275 0.0656 0.0483
