6 0.4922 0.3292 0.024 0.0683
10 0.0573 0.5167 0.1135 0.1133
1 0.6302 0.5433 0.0458 0.1167
1 0.6042 0.5308 0.1208 0.085
6 0.4156 0.3375 0.0167 0.055
2 0.9589 0.5233 0.026 0.0667
1 0.5 0.5192 0.0354 0.045
3 0.3161 0.3342 0.0198 0.0583
6 0.9344 0.2575 0.0542 0.155
1 0.4974 0.5125 0.0406 0.0317
1 0.7974 0.6275 0.374 0.3583
10 0.5219 0.5042 0.0292 0.0417
6 0.4927 0.3283 0.0167 0.0467
6 0.4141 0.3258 0.024 0.055
1 0.2917 0.5958 0.3146 0.4217
1 0.9422 0.52 0.0802 0.06
6 0.6792 0.4258 0.0187 0.055
1 0.0906 0.5833 0.1271 0.18
