1 0.0276 0.5654 0.0542 0.1325
1 0.4349 0.5125 0.051 0.1517
1 0.474 0.5317 0.0396 0.06
1 0.8531 0.4917 0.0854 0.08
1 0.4078 0.5017 0.0802 0.1233
1 0.5464 0.5375 0.0885 0.1017
1 0.4792 0.5233 0.0354 0.08
1 0.3797 0.5433 0.1177 0.15
1 0.8578 0.5 0.0677 0.07
1 0.5052 0.5183 0.0292 0.0967
1 0.5516 0.5308 0.0844 0.105
10 0.2641 0.505 0.0844 0.11
1 0.2745 0.5042 0.0448 0.1083
10 0.1646 0.4942 0.0729 0.1617
10 0.0641 0.4575 0.126 0.1383
10 0.0797 0.49 0.101 0.1933
1 0.2224 0.5467 0.0656 0.0667
1 0.2234 0.545 0.0677 0.08
1 0.3208 0.5292 0.0417 0.055
