2 0.0474 0.5475 0.0177 0.0917
2 0.0609 0.5458 0.0177 0.1017
1 0.2823 0.5292 0.0312 0.065
1 0.3099 0.5192 0.0302 0.065
2 0.5417 0.5092 0.0125 0.0683
1 0.1266 0.5558 0.0781 0.0817
2 0.0203 0.5517 0.0219 0.0967
2 0.0969 0.5408 0.0187 0.1117
1 0.9482 0.51 0.1026 0.1867
2 0.9854 0.4783 0.025 0.1567
2 0.5115 0.4983 0.0125 0.08
2 0.0219 0.55 0.0187 0.0933
1 0.4354 0.5217 0.0479 0.0533
2 0.0469 0.5475 0.0208 0.095
2 0.5318 0.5025 0.0135 0.0817
3 0.5818 0.3133 0.026 0.0967
2 0.075 0.5633 0.0167 0.0533
1 0.3568 0.5175 0.0531 0.0783
1 0.2271 0.545 0.0833 0.0933
