10 0.8214 0.4808 0.1281 0.1217
1 0.0208 0.5608 0.0406 0.1283
1 0.0224 0.5783 0.0344 0.1833
1 0.5318 0.5258 0.0344 0.045
1 0.4568 0.5217 0.049 0.0867
1 0.4667 0.5275 0.0792 0.115
2 0.9432 0.5496 0.025 0.1125
1 0.2844 0.5908 0.3292 0.4217
10 0.0839 0.49 0.1115 0.09
1 0.8771 0.4817 0.2333 0.1633
6 0.4917 0.3258 0.0187 0.055
1 0.0875 0.58 0.1292 0.18
1 0.8885 0.5242 0.1458 0.0817
6 0.6792 0.4167 0.0167 0.0467
6 0.4141 0.3258 0.0198 0.0483
6 0.9292 0.2567 0.05 0.1533
3 0.3172 0.3283 0.0177 0.0533
1 0.6896 0.5625 0.15 0.1717
