3 0.3536 0.1992 0.0344 0.0983
2 0.9708 0.5696 0.0573 0.1975
2 0.7339 0.5675 0.0344 0.135
2 0.475 0.5542 0.0167 0.055
3 0.1854 0.1908 0.0312 0.095
2 0.5844 0.5367 0.0125 0.05
2 0.8083 0.5575 0.0375 0.145
1 0.2464 0.5667 0.0219 0.0567
2 0.7677 0.5608 0.0292 0.1483
1 0.325 0.565 0.0583 0.0867
1 0.0443 0.5842 0.0875 0.105
3 0.6104 0.3867 0.0292 0.09
5 0.1854 0.1917 0.025 0.08
1 0.1286 0.5875 0.1031 0.085
2 0.4755 0.5492 0.024 0.0683
4 0.3521 0.2017 0.0292 0.0933
10 0.1932 0.5342 0.0906 0.1383
1 0.4021 0.5767 0.0854 0.1167
