1 0.8646 0.5258 0.1208 0.075
2 0.5297 0.52 0.0156 0.07
1 0.3302 0.6525 0.3312 0.4183
2 0.1854 0.5392 0.0208 0.0817
2 0.5271 0.5183 0.0167 0.0633
7 0.2807 0.2767 0.0198 0.0633
0 0.7714 0.5383 0.1219 0.19
2 0.0391 0.5467 0.0281 0.0933
1 0.7063 0.5425 0.2917 0.1383
2 0.1974 0.5358 0.0219 0.0817
2 0.0391 0.5492 0.024 0.075
0 0.1859 0.5367 0.0448 0.09
2 0.5177 0.5267 0.0146 0.06
6 0.3901 0.2858 0.0198 0.0717
1 0.1229 0.5383 0.0729 0.0767
2 0.1974 0.5208 0.0156 0.055
6 0.563 0.4083 0.0219 0.0633
2 0.6292 0.5083 0.0229 0.0733
2 0.5135 0.5233 0.0208 0.0633
