1 0.4995 0.5 0.0656 0.07
1 0.1125 0.5333 0.0646 0.1267
1 0.199 0.5058 0.0563 0.075
1 0.1016 0.5283 0.076 0.1367
1 0.9005 0.5967 0.1979 0.3333
1 0.2437 0.5142 0.025 0.0683
1 0.5729 0.5117 0.0813 0.1233
1 0.7198 0.5167 0.1479 0.12
10 0.4052 0.4633 0.0854 0.17
1 0.2391 0.515 0.0302 0.06
10 0.2635 0.4833 0.0271 0.1133
1 0.1667 0.5058 0.0458 0.0817
1 0.6422 0.5067 0.0844 0.1467
1 0.0435 0.5383 0.0859 0.1833
1 0.7198 0.6075 0.175 0.1983
10 0.2609 0.4808 0.0302 0.1317
1 0.1635 0.5333 0.0521 0.0567
1 0.1641 0.5333 0.049 0.0733
1 0.5026 0.5042 0.074 0.0717
1 0.2104 0.5083 0.0354 0.0667
