2 0.8422 0.4425 0.024 0.0383
1 0.1229 0.5533 0.0792 0.1033
2 0.8344 0.4367 0.0187 0.04
2 0.025 0.5646 0.049 0.1508
2 0.0828 0.54 0.0135 0.07
2 0.9146 0.435 0.0229 0.0467
2 0.9422 0.4342 0.0323 0.075
1 0.4344 0.5208 0.0542 0.065
2 0.8661 0.4367 0.026 0.0433
2 0.9193 0.425 0.0135 0.0433
1 0.2276 0.5492 0.0802 0.1183
2 0.8776 0.4342 0.0323 0.055
1 0.2818 0.5292 0.0219 0.0483
2 0.6031 0.4975 0.0229 0.105
2 0.4703 0.5267 0.0219 0.1267
2 0.8292 0.4608 0.0229 0.0717
3 0.5813 0.3083 0.0292 0.0933
2 0.8281 0.44 0.0229 0.05
1 0.8573 0.5175 0.2667 0.1683
2 0.9151 0.4333 0.024 0.05
1 0.4016 0.5133 0.0177 0.0433
