6 0.5146 0.4092 0.0125 0.0417
0 0.1234 0.5017 0.0552 0.0933
1 0.6698 0.4583 0.1208 0.04
7 0.3432 0.3508 0.0135 0.035
6 0.5156 0.4058 0.0167 0.045
1 0.6703 0.4583 0.1156 0.07
1 0.3583 0.4775 0.0229 0.045
6 0.4104 0.34 0.0167 0.05
1 0.4047 0.4775 0.1094 0.0517
7 0.1849 0.4158 0.0135 0.0317
2 0.676 0.4842 0.0354 0.1183
1 0.3005 0.4925 0.0865 0.0917
6 0.5479 0.34 0.0187 0.05
7 0.187 0.4183 0.0135 0.04
6 0.4089 0.34 0.0094 0.0367
1 0.4036 0.4792 0.1073 0.065
0 0.1219 0.495 0.0396 0.0633
7 0.3448 0.355 0.0187 0.0433
