4 0.399 0.3533 0.0167 0.04
1 0.4667 0.5167 0.0271 0.0667
1 0.4656 0.5175 0.0229 0.0583
7 0.3375 0.355 0.0167 0.0433
1 0.0302 0.5267 0.0604 0.05
1 0.2224 0.53 0.0615 0.0867
1 0.4323 0.5275 0.05 0.1283
1 0.0813 0.5175 0.0458 0.0383
1 0.4901 0.5067 0.0323 0.0467
3 0.338 0.3517 0.0135 0.0333
4 0.4917 0.4242 0.0104 0.0283
1 0.1281 0.52 0.0563 0.06
1 0.9693 0.5 0.0594 0.06
1 0.224 0.53 0.0667 0.0833
1 0.2656 0.5267 0.0292 0.0567
4 0.3984 0.3558 0.0115 0.0383
4 0.5062 0.4033 0.0125 0.0433
1 0.1255 0.5183 0.0635 0.0667
1 0.3604 0.5683 0.1208 0.16
