10 0.3281 0.4817 0.1 0.1467
2 0.701 0.5992 0.1479 0.425
1 0.2448 0.5158 0.0625 0.0583
6 0.5193 0.3242 0.0219 0.0683
2 0.0292 0.54 0.0104 0.0667
0 0.099 0.5383 0.0167 0.0667
10 0.2396 0.5117 0.0563 0.0567
2 0.2849 0.5133 0.024 0.0733
1 0.5177 0.5117 0.0312 0.0367
10 0.1734 0.5217 0.0823 0.0833
2 0.7052 0.5983 0.15 0.4333
1 0.2474 0.5325 0.0573 0.0483
2 0.0807 0.5383 0.024 0.08
0 0.0698 0.535 0.0479 0.08
2 0.0719 0.54 0.0167 0.08
2 0.0844 0.5383 0.0146 0.0767
1 0.5172 0.515 0.0323 0.0433
1 0.3958 0.5133 0.0312 0.0333
2 0.0187 0.5492 0.0167 0.0717
0 0.0875 0.5375 0.0312 0.0717
7 0.0542 0.4375 0.0187 0.0517
7 0.4484 0.3208 0.0198 0.055
1 0.1719 0.525 0.0875 0.0733
6 0.6562 0.4083 0.0208 0.0633
1 0.6234 0.5125 0.1156 0.095
2 0.1266 0.5283 0.0177 0.0633
0 0.0823 0.5375 0.0104 0.0683
