2 0.3807 0.5104 0.0135 0.0625
7 0.388 0.36 0.0115 0.0333
1 0.35 0.5167 0.0479 0.0533
1 0.2521 0.5225 0.0729 0.0417
1 0.251 0.5208 0.075 0.045
6 0.4547 0.3742 0.0094 0.0283
6 0.5427 0.4258 0.0104 0.015
2 0.6911 0.4933 0.0177 0.07
1 0.4161 0.5183 0.0531 0.0733
10 0.5964 0.4717 0.174 0.0733
2 0.6927 0.4958 0.0167 0.0717
6 0.6219 0.3858 0.0125 0.035
6 0.6229 0.3875 0.0125 0.0383
6 0.5437 0.4317 0.0104 0.02
6 0.4557 0.3758 0.0135 0.035
1 0.3167 0.515 0.0208 0.0367
1 0.0677 0.5275 0.0938 0.055
1 0.0672 0.5325 0.0927 0.0517
1 0.5391 0.5167 0.0656 0.0767
0 0.182 0.5188 0.0255 0.0675
