1 0.4344 0.5208 0.0542 0.065
2 0.6182 0.5017 0.0198 0.1067
2 0.9708 0.4775 0.025 0.145
1 0.2276 0.5492 0.0802 0.1183
2 0.6172 0.4958 0.0177 0.105
2 0.0479 0.55 0.0271 0.0833
1 0.2818 0.5292 0.0219 0.0483
2 0.0469 0.545 0.0208 0.08
2 0.9286 0.475 0.0302 0.14
1 0.4016 0.5133 0.0177 0.0433
2 0.8823 0.4975 0.0292 0.1483
2 0.8375 0.4892 0.025 0.145
2 0.925 0.4775 0.0208 0.1517
1 0.1229 0.5533 0.0792 0.1033
2 0.9729 0.4833 0.0312 0.1833
2 0.5292 0.5125 0.0167 0.1183
2 0.8474 0.4792 0.0219 0.135
2 0.5109 0.5083 0.0219 0.1033
3 0.5813 0.3092 0.0292 0.095
2 0.5974 0.5067 0.0198 0.11
2 0.5109 0.5225 0.0198 0.115
2 0.8865 0.4917 0.0312 0.1633
2 0.8458 0.4825 0.0229 0.1517
2 0.6375 0.4975 0.0208 0.1117
2 0.601 0.4983 0.0167 0.1033
2 0.8375 0.4958 0.0271 0.145
