1 0.6208 0.4892 0.05 0.0517
1 0.8792 0.515 0.0437 0.0433
1 0.7073 0.5 0.0396 0.0467
1 0.1568 0.4417 0.049 0.07
1 0.7693 0.505 0.0635 0.07
1 0.1969 0.4617 0.0688 0.09
1 0.6682 0.5108 0.0698 0.0817
1 0.774 0.5042 0.0563 0.0583
6 0.426 0.4317 0.0125 0.0233
1 0.2922 0.45 0.049 0.06
1 0.1156 0.4383 0.0437 0.0833
1 0.4859 0.5017 0.1073 0.17
1 0.9297 0.5533 0.1365 0.1367
1 0.8365 0.5067 0.05 0.0633
1 0.2042 0.4617 0.05 0.0633
1 0.2922 0.4567 0.0615 0.0633
1 0.0542 0.435 0.0813 0.0633
1 0.9313 0.555 0.1354 0.1133
8 0.4979 0.405 0.0104 0.03
