2 0.5052 0.5108 0.0354 0.125
1 0.2562 0.5275 0.0417 0.055
2 0.5708 0.5067 0.0167 0.0733
2 0.1594 0.5142 0.0125 0.055
2 0.0724 0.535 0.0177 0.0533
6 0.4693 0.3867 0.0156 0.0533
2 0.0349 0.5283 0.024 0.0733
2 0.4714 0.5342 0.0344 0.1117
2 0.1344 0.5183 0.0167 0.0633
2 0.1198 0.5233 0.0146 0.0567
2 0.0625 0.5275 0.0187 0.0583
2 0.5062 0.5183 0.0375 0.1267
2 0.8635 0.4492 0.0271 0.1183
2 0.0458 0.5308 0.0375 0.135
1 0.337 0.5592 0.1427 0.175
2 0.6016 0.5267 0.0198 0.0833
6 0.1938 0.4117 0.0146 0.04
2 0.0318 0.5275 0.0156 0.0717
1 0.2594 0.5283 0.0375 0.0533
2 0.8083 0.455 0.025 0.0933
2 0.3781 0.4775 0.0146 0.0217
2 0.8214 0.47 0.0344 0.1133
1 0.4219 0.505 0.0688 0.0733
