4 0.7906 0.3858 0.0229 0.075
7 0.2385 0.4508 0.0125 0.0383
4 0.7083 0.4367 0.0229 0.06
7 0.5125 0.3617 0.0125 0.0333
1 0.5047 0.5333 0.024 0.0567
2 0.9021 0.5208 0.0396 0.0983
6 0.5135 0.3617 0.0167 0.0467
0 0.6807 0.5225 0.0198 0.055
1 0.6479 0.5192 0.0375 0.045
4 0.5906 0.3542 0.0187 0.0583
7 0.2391 0.465 0.024 0.0667
1 0.3323 0.5417 0.0563 0.05
1 0.2526 0.55 0.0885 0.08
1 0.5786 0.5267 0.0344 0.0567
1 0.5422 0.5108 0.0802 0.135
10 0.5406 0.5117 0.0646 0.1267
4 0.5911 0.355 0.0156 0.0433
4 0.7083 0.4342 0.0125 0.0383
1 0.7156 0.5217 0.0312 0.0433
1 0.475 0.5367 0.0417 0.0467
1 0.0831 0.5829 0.1182 0.0908
1 0.7839 0.5242 0.0948 0.0583
1 0.4521 0.5392 0.0354 0.0417
1 0.2885 0.5375 0.0271 0.0383
4 0.7922 0.3858 0.026 0.0717
