1 0.2745 0.5142 0.1052 0.0817
2 0.4641 0.5125 0.0302 0.1083
2 0.0927 0.5142 0.0187 0.0583
2 0.5578 0.4917 0.0177 0.0467
2 0.4651 0.5175 0.0344 0.1283
2 0.0234 0.5258 0.0135 0.065
2 0.3438 0.4775 0.0146 0.0217
2 0.1318 0.5167 0.0156 0.0467
2 0.4349 0.5342 0.0344 0.1117
2 0.5635 0.5283 0.0208 0.08
1 0.2703 0.515 0.099 0.0833
2 0.0568 0.53 0.024 0.0733
2 0.0906 0.5283 0.0167 0.07
2 0.1417 0.52 0.0167 0.0633
6 0.2005 0.4142 0.0156 0.035
1 0.3432 0.5567 0.1281 0.1633
1 0.4333 0.5075 0.0854 0.075
2 0.0401 0.5433 0.0323 0.13
2 0.075 0.5283 0.0187 0.0633
2 0.1646 0.5108 0.0125 0.055
2 0.7526 0.4833 0.0344 0.1133
2 0.7818 0.4642 0.026 0.0917
6 0.4635 0.3883 0.0167 0.05
2 0.0536 0.5242 0.0156 0.0717
