4 0.3932 0.42 0.0177 0.0333
4 0.6594 0.4742 0.0125 0.0317
4 0.8766 0.3967 0.0198 0.0633
3 0.0255 0.2283 0.0219 0.0767
1 0.6797 0.5542 0.1094 0.125
1 0.4599 0.5175 0.024 0.0317
1 0.15 0.5467 0.1333 0.0833
1 0.2182 0.535 0.0281 0.04
3 0.4286 0.445 0.0135 0.04
1 0.6224 0.5283 0.0344 0.0633
4 0.524 0.4033 0.0125 0.0333
3 0.3927 0.415 0.0125 0.0367
1 0.5729 0.5525 0.0958 0.1117
1 0.8318 0.6958 0.3323 0.5217
3 0.3302 0.28 0.0229 0.06
1 0.5151 0.5383 0.0573 0.0733
3 0.9365 0.3242 0.0208 0.0617
1 0.5479 0.5292 0.0354 0.055
1 0.3563 0.6183 0.2125 0.28
3 0.887 0.3458 0.0198 0.0417
3 0.2458 0.3483 0.0187 0.07
4 0.5224 0.4008 0.0177 0.045
4 0.4302 0.4475 0.0167 0.0317
