1 0.313 0.5125 0.0635 0.085
2 0.8589 0.5033 0.0323 0.1433
1 0.5312 0.5017 0.0396 0.0733
2 0.7359 0.5 0.0302 0.1533
2 0.9255 0.5167 0.0302 0.1233
1 0.4094 0.5075 0.0729 0.1017
2 0.0339 0.6158 0.0667 0.5167
2 0.7031 0.4992 0.025 0.0717
1 0.4875 0.5017 0.0146 0.0567
1 0.2724 0.4967 0.024 0.0567
1 0.2094 0.5125 0.0396 0.085
1 0.513 0.4975 0.0365 0.085
2 0.8242 0.5029 0.0359 0.1392
2 0.7677 0.495 0.0208 0.1433
2 0.474 0.4933 0.0104 0.0567
1 0.2396 0.5083 0.0396 0.0767
2 0.8919 0.4921 0.0297 0.1408
1 0.1276 0.5375 0.1677 0.0983
2 0.7099 0.4642 0.0281 0.0617
1 0.2307 0.5067 0.051 0.08
2 0.9719 0.5042 0.0396 0.1583
