6 0.8531 0.3842 0.0187 0.0517
6 0.7193 0.2808 0.0198 0.0483
1 0.7969 0.49 0.0458 0.11
6 0.4479 0.4258 0.0167 0.0517
6 0.6359 0.3925 0.0156 0.0383
6 0.751 0.4225 0.0104 0.0283
6 0.8526 0.3758 0.0156 0.0417
1 0.5411 0.485 0.0531 0.0467
1 0.476 0.5008 0.0542 0.055
6 0.6078 0.2492 0.0156 0.0417
1 0.3557 0.4958 0.076 0.075
1 0.0781 0.5646 0.1552 0.2158
6 0.6354 0.395 0.0187 0.05
1 0.5365 0.49 0.0583 0.0467
1 0.6036 0.4875 0.0615 0.045
6 0.6969 0.385 0.0146 0.04
6 0.7188 0.2758 0.0167 0.0417
1 0.3531 0.5033 0.0729 0.1
2 0.9922 0.5108 0.0135 0.0783
1 0.6401 0.5067 0.0219 0.1
1 0.9563 0.5333 0.0865 0.195
1 0.8729 0.5225 0.1354 0.1317
1 0.4755 0.5108 0.0469 0.0483
6 0.4458 0.4417 0.0229 0.07
6 0.6953 0.3783 0.0156 0.04
1 0.7979 0.4967 0.0833 0.1067
1 0.8656 0.5142 0.0979 0.1517
1 0.7161 0.5167 0.1323 0.17
7 0.6089 0.25 0.0135 0.0433
