6 0.5583 0.43 0.0125 0.0133
2 0.4474 0.5183 0.0135 0.0833
0 0.1042 0.5367 0.0229 0.0633
6 0.5589 0.4308 0.0115 0.0183
6 0.4552 0.37 0.0125 0.04
1 0.3568 0.5242 0.0115 0.0317
6 0.6677 0.3692 0.0125 0.0383
2 0.7542 0.5067 0.025 0.0933
2 0.4521 0.5275 0.0167 0.0717
2 0.7526 0.5083 0.026 0.0933
7 0.3797 0.3517 0.0115 0.0433
1 0.5172 0.5183 0.0365 0.1033
10 0.5724 0.4767 0.176 0.08
1 0.5328 0.5225 0.0781 0.1117
1 0.3219 0.5325 0.0646 0.075
2 0.487 0.5188 0.0125 0.0725
6 0.4562 0.3725 0.0125 0.0383
1 0.5734 0.5408 0.0969 0.105
10 0.2182 0.505 0.0969 0.09
0 0.1016 0.5383 0.0219 0.0633
6 0.6703 0.3708 0.0115 0.0483
1 0.4115 0.535 0.0646 0.08
1 0.2375 0.5333 0.0958 0.04
1 0.2391 0.5317 0.0948 0.05
