1 0.4734 0.4958 0.0323 0.0417
3 0.5682 0.3608 0.024 0.0617
6 0.801 0.0767 0.05 0.1167
3 0.6531 0.3575 0.0167 0.045
1 0.0938 0.4992 0.0417 0.0317
1 0.2234 0.5133 0.0573 0.0733
1 0.5578 0.4925 0.0281 0.0483
3 0.8 0.0758 0.0271 0.095
3 0.0823 0.0783 0.1646 0.1567
1 0.1708 0.5033 0.1021 0.0633
1 0.2714 0.5208 0.101 0.085
1 0.9031 0.485 0.0708 0.0567
1 0.4344 0.5008 0.025 0.0483
1 0.4125 0.5 0.0354 0.04
1 0.9042 0.485 0.0813 0.0533
1 0.4078 0.4942 0.0281 0.035
1 0.8401 0.49 0.0823 0.06
1 0.3432 0.5192 0.0719 0.075
1 0.0875 0.5217 0.0375 0.0533
1 0.8297 0.4908 0.0865 0.0417
4 0.7266 0.4192 0.0177 0.0517
1 0.0833 0.5175 0.0542 0.045
1 0.5385 0.4883 0.0167 0.04
2 0.9625 0.5 0.0229 0.1
