1 0.8635 0.5892 0.2687 0.255
1 0.3214 0.5158 0.051 0.055
1 0.0422 0.5658 0.0844 0.105
1 0.7333 0.545 0.2313 0.18
1 0.1125 0.5492 0.1146 0.085
1 0.112 0.5475 0.0969 0.075
1 0.613 0.5142 0.0615 0.1783
1 0.6865 0.5525 0.1354 0.2017
1 0.3964 0.5533 0.1177 0.1767
1 0.3182 0.5117 0.0427 0.0633
4 0.474 0.4408 0.0104 0.0317
1 0.6901 0.5125 0.2052 0.1783
4 0.2901 0.4542 0.0115 0.0317
1 0.199 0.535 0.0938 0.13
1 0.2802 0.5325 0.0542 0.0683
1 0.5792 0.5208 0.0646 0.1217
1 0.0401 0.56 0.0802 0.0933
1 0.5708 0.5275 0.0542 0.1417
1 0.2797 0.5333 0.051 0.0633
