1 0.4885 0.54 0.0271 0.0567
1 0.2672 0.5392 0.0385 0.045
4 0.3927 0.2867 0.0187 0.06
1 0.6083 0.5367 0.0312 0.0667
4 0.4969 0.305 0.0292 0.0733
1 0.5323 0.5525 0.0938 0.1017
6 0.2719 0.2767 0.0187 0.0433
1 0.1927 0.5442 0.05 0.0517
1 0.0365 0.5563 0.0719 0.1158
1 0.6479 0.5417 0.0646 0.0533
1 0.7005 0.4208 0.0198 0.0717
1 0.3922 0.5325 0.0344 0.045
4 0.701 0.4375 0.0208 0.035
1 0.5854 0.5325 0.0229 0.0583
7 0.2714 0.2867 0.0219 0.0767
4 0.3896 0.3033 0.0167 0.0367
1 0.4328 0.53 0.026 0.04
1 0.1896 0.545 0.05 0.0667
1 0.7609 0.5458 0.1365 0.115
1 0.6495 0.54 0.0677 0.0667
4 0.4948 0.3183 0.0187 0.04
