1 0.8026 0.6342 0.3552 0.3117
1 0.4214 0.5508 0.1094 0.1383
1 0.6443 0.5608 0.0698 0.1217
1 0.363 0.5508 0.0344 0.0883
1 0.5531 0.5275 0.0583 0.1017
1 0.087 0.6058 0.174 0.3483
3 0.7208 0.4233 0.0208 0.0567
3 0.5094 0.32 0.0167 0.0467
3 0.4208 0.3208 0.0167 0.055
1 0.2687 0.555 0.0542 0.06
1 0.3443 0.5525 0.0135 0.025
1 0.9594 0.5425 0.0729 0.0783
3 0.3109 0.3242 0.0135 0.0483
4 0.7193 0.425 0.0281 0.07
1 0.3276 0.5533 0.0177 0.0233
1 0.3661 0.55 0.0344 0.0767
1 0.475 0.5567 0.0375 0.1067
1 0.5542 0.525 0.05 0.0767
