1 0.576 0.5183 0.025 0.0367
1 0.3656 0.5483 0.1313 0.1833
4 0.7984 0.405 0.0156 0.0467
4 0.5458 0.3942 0.0104 0.035
1 0.5286 0.5167 0.0365 0.0567
1 0.4333 0.5508 0.0333 0.1183
4 0.5453 0.39 0.0135 0.0433
1 0.4578 0.515 0.0281 0.04
1 0.8693 0.5017 0.0969 0.0567
6 0.4234 0.4792 0.0135 0.0417
4 0.625 0.4517 0.0146 0.0367
1 0.8703 0.4933 0.101 0.06
1 0.4891 0.5183 0.0365 0.04
1 0.9641 0.4967 0.0677 0.04
4 0.7964 0.4217 0.0115 0.0333
4 0.6286 0.47 0.0115 0.0333
1 0.4922 0.5175 0.024 0.035
1 0.9599 0.5 0.074 0.0533
