2 0.0563 0.5433 0.0167 0.0833
2 0.0089 0.5625 0.0177 0.0717
2 0.0198 0.54 0.0167 0.06
6 0.5031 0.375 0.0167 0.0567
2 0.6302 0.5292 0.0229 0.085
2 0.3823 0.4775 0.0417 0.1083
2 0.4365 0.5342 0.0646 0.1917
1 0.712 0.5367 0.1948 0.1033
2 0.6286 0.5167 0.0219 0.0633
2 0.8521 0.48 0.0229 0.0667
2 0.051 0.5417 0.0146 0.0733
1 0.2734 0.6417 0.2844 0.3267
2 0.0724 0.5342 0.0156 0.0783
1 0.4172 0.5358 0.1177 0.115
6 0.1656 0.4008 0.0146 0.0383
2 0.0469 0.5392 0.0187 0.0683
2 0.0083 0.5625 0.0167 0.0717
2 0.8536 0.4767 0.0344 0.0567
