2 0.676 0.5233 0.0229 0.09
2 0.6927 0.51 0.0146 0.1333
1 0.3391 0.4967 0.0156 0.04
2 0.7406 0.505 0.025 0.1233
1 0.1375 0.53 0.1604 0.09
2 0.7078 0.5042 0.0135 0.115
1 0.3964 0.53 0.1031 0.14
1 0.525 0.5017 0.0396 0.0733
1 0.4828 0.5017 0.0135 0.0567
2 0.4708 0.495 0.0104 0.0533
1 0.5234 0.51 0.049 0.1
1 0.2161 0.5058 0.0198 0.075
1 0.3573 0.4983 0.0208 0.05
2 0.9016 0.5092 0.0385 0.1383
1 0.5021 0.4942 0.025 0.0817
2 0.8042 0.4975 0.0146 0.125
1 0.2396 0.5083 0.0396 0.0767
1 0.3224 0.5017 0.0156 0.0367
2 0.8667 0.5183 0.025 0.11
1 0.3 0.4958 0.0208 0.055
1 0.2734 0.4983 0.0219 0.0567
1 0.4427 0.4892 0.0271 0.0483
