1 0.0224 0.58 0.0344 0.1833
2 0.9435 0.5496 0.0255 0.1125
1 0.012 0.5833 0.0229 0.16
1 0.6891 0.5625 0.151 0.1717
6 0.4917 0.3258 0.0187 0.055
1 0.2844 0.5908 0.3292 0.4217
6 0.9292 0.2567 0.05 0.1533
1 0.0865 0.58 0.1292 0.18
10 0.8266 0.48 0.1385 0.1233
6 0.4141 0.3258 0.0198 0.0483
1 0.4552 0.5242 0.05 0.095
1 0.8885 0.5242 0.1458 0.0817
3 0.3172 0.3283 0.0177 0.0533
1 0.0661 0.515 0.0469 0.06
6 0.6792 0.4167 0.0167 0.0467
1 0.5328 0.5217 0.0281 0.0467
1 0.5318 0.5258 0.0344 0.045
10 0.0839 0.4908 0.1115 0.0917
1 0.8771 0.4817 0.2333 0.1633
