1 0.2818 0.5292 0.0219 0.0483
2 0.4474 0.5267 0.0219 0.1267
2 0.8307 0.4567 0.0115 0.08
2 0.449 0.5158 0.0271 0.145
2 0.475 0.5242 0.0187 0.1517
1 0.1229 0.5533 0.0792 0.1033
1 0.4344 0.5208 0.0542 0.065
2 0.5542 0.5058 0.0229 0.095
2 0.087 0.5517 0.0365 0.1467
2 0.038 0.565 0.0281 0.13
3 0.5818 0.3083 0.0281 0.0933
2 0.5729 0.5008 0.0146 0.0817
2 0.575 0.5042 0.0208 0.095
1 0.4016 0.5133 0.0177 0.0433
1 0.2276 0.5492 0.0802 0.1183
1 0.8927 0.6492 0.2104 0.5117
2 0.8354 0.4642 0.025 0.0817
2 0.562 0.5083 0.0094 0.0767
2 0.5917 0.4992 0.0229 0.105
2 0.7854 0.4942 0.0271 0.1317
