3 0.6547 0.4142 0.0156 0.0417
1 0.3469 0.5883 0.175 0.2433
1 0.3531 0.5792 0.1875 0.2317
7 0.3536 0.3133 0.0198 0.06
6 0.6562 0.4167 0.0187 0.04
6 0.5479 0.3417 0.0208 0.0567
1 0.449 0.5258 0.0792 0.085
7 0.3557 0.3142 0.0219 0.0583
1 0.6245 0.5533 0.1365 0.2433
6 0.5443 0.3475 0.0177 0.0583
1 0.9276 0.3933 0.1427 0.1333
1 0.625 0.545 0.15 0.24
1 0.0917 0.5408 0.05 0.0717
1 0.274 0.5242 0.0354 0.065
1 0.0922 0.54 0.0427 0.0433
1 0.8156 0.6233 0.3563 0.3933
6 0.4604 0.32 0.0208 0.0633
6 0.4589 0.3142 0.0198 0.0583
