4 0.5943 0.3825 0.0219 0.0583
1 0.7188 0.4817 0.1271 0.07
1 0.3042 0.4975 0.05 0.0483
4 0.3828 0.3317 0.0156 0.03
1 0.3057 0.4942 0.0365 0.045
1 0.1615 0.5533 0.2562 0.2467
4 0.5724 0.4267 0.0135 0.03
1 0.5031 0.4908 0.0312 0.0383
4 0.4448 0.3467 0.0146 0.0267
4 0.3802 0.3175 0.0187 0.055
4 0.5729 0.4117 0.0187 0.04
4 0.4443 0.3367 0.0198 0.0433
4 0.5969 0.39 0.0187 0.04
1 0.3688 0.4908 0.0292 0.0417
7 0.2979 0.3217 0.0229 0.06
1 0.5958 0.4908 0.0333 0.0517
1 0.8682 0.4808 0.1115 0.0617
1 0.5948 0.4942 0.0458 0.0517
2 0.5385 0.4933 0.0063 0.0317
