2 0.5911 0.5292 0.0177 0.0783
1 0.1208 0.5442 0.0708 0.0733
2 0.6135 0.5308 0.0187 0.0883
6 0.3901 0.2858 0.0219 0.0717
0 0.663 0.5092 0.024 0.0517
2 0.5523 0.5142 0.0161 0.06
2 0.751 0.5475 0.075 0.2183
0 0.5094 0.53 0.0333 0.0733
6 0.563 0.4108 0.024 0.065
7 0.2807 0.2775 0.0219 0.065
2 0.7516 0.5508 0.0823 0.2183
1 0.1922 0.5475 0.0406 0.085
1 0.1786 0.54 0.0469 0.0667
2 0.5161 0.5308 0.0177 0.075
1 0.1792 0.54 0.0458 0.05
1 0.7214 0.5308 0.1531 0.0883
1 0.3297 0.6525 0.3323 0.4217
2 0.5339 0.5308 0.0198 0.075
2 0.6375 0.5283 0.0167 0.0833
