2 0.2948 0.5337 0.0125 0.0542
1 0.8297 0.6683 0.3385 0.4
1 0.4193 0.5525 0.1427 0.2083
2 0.2536 0.5325 0.0198 0.0517
2 0.2823 0.5333 0.0167 0.05
2 0.8948 0.4542 0.0625 0.1083
2 0.8917 0.4475 0.0604 0.095
4 0.5594 0.4342 0.0187 0.0417
1 0.6339 0.5867 0.1052 0.2167
1 0.8302 0.6925 0.3333 0.4083
1 0.3464 0.54 0.0344 0.0567
1 0.526 0.5283 0.1062 0.0767
2 0.0823 0.5708 0.0187 0.1083
4 0.2911 0.4483 0.0156 0.04
2 0.0484 0.5675 0.0406 0.125
2 0.1755 0.5392 0.0177 0.055
1 0.574 0.5592 0.0521 0.155
2 0.1339 0.5508 0.0281 0.105
1 0.6682 0.5883 0.1781 0.2267
