1 0.7979 0.6317 0.375 0.3633
10 0.0635 0.5067 0.1271 0.12
2 0.9609 0.5233 0.026 0.0667
10 0.5255 0.5025 0.0365 0.0617
6 0.9318 0.2567 0.0573 0.1633
6 0.4922 0.3292 0.024 0.065
1 0.5234 0.5108 0.0594 0.0717
6 0.4156 0.3358 0.0167 0.055
6 0.4927 0.3283 0.0167 0.0467
1 0.5479 0.5267 0.0771 0.08
1 0.2875 0.5908 0.3187 0.4117
1 0.0964 0.5792 0.1281 0.175
1 0.5495 0.5333 0.0781 0.0767
1 0.9422 0.52 0.0802 0.06
10 0.038 0.5067 0.076 0.11
6 0.6792 0.4217 0.0187 0.0533
3 0.3161 0.3292 0.0198 0.0617
6 0.4135 0.3267 0.0229 0.0533
1 0.6323 0.5433 0.0458 0.1167
