1 0.5005 0.5325 0.051 0.125
6 0.4911 0.3717 0.0156 0.05
1 0.3464 0.545 0.1052 0.1233
7 0.3266 0.345 0.0156 0.05
1 0.3464 0.5608 0.099 0.1417
1 0.8906 0.5792 0.2146 0.2217
1 0.5958 0.5675 0.1646 0.1917
1 0.5104 0.5333 0.0708 0.1433
6 0.5875 0.44 0.0208 0.0567
6 0.4953 0.3717 0.0135 0.0467
6 0.4172 0.3525 0.0177 0.0517
7 0.326 0.3433 0.0187 0.05
1 0.2583 0.5242 0.0417 0.0617
3 0.5901 0.4275 0.0156 0.0417
1 0.7344 0.5425 0.1542 0.1983
1 0.1344 0.5467 0.1396 0.1033
6 0.4151 0.3492 0.0156 0.045
1 0.7479 0.505 0.1688 0.19
1 0.137 0.5525 0.1385 0.1017
1 0.2568 0.5292 0.0365 0.0517
