1 0.7682 0.5167 0.1885 0.2233
1 0.3885 0.5008 0.0563 0.0517
6 0.7094 0.3767 0.0146 0.04
6 0.7099 0.3817 0.0156 0.04
1 0.6151 0.4792 0.0344 0.045
1 0.3854 0.4967 0.0396 0.04
1 0.9437 0.52 0.1104 0.2033
6 0.8812 0.3642 0.0187 0.0517
6 0.4396 0.4333 0.0187 0.0633
6 0.6172 0.2325 0.0156 0.0417
1 0.6677 0.5108 0.0312 0.1083
6 0.4469 0.4333 0.0271 0.0833
6 0.8807 0.3675 0.0156 0.0417
1 0.9411 0.5225 0.1156 0.1617
1 0.3208 0.5042 0.0854 0.0983
6 0.737 0.2608 0.0198 0.0483
1 0.575 0.4917 0.0604 0.0433
1 0.4594 0.4992 0.0542 0.055
2 0.9922 0.5108 0.0135 0.0783
1 0.5036 0.4867 0.0531 0.0467
6 0.6484 0.3792 0.0156 0.0383
1 0.862 0.4917 0.0448 0.15
1 0.2776 0.4983 0.0323 0.0367
7 0.6198 0.2342 0.0167 0.0517
6 0.7333 0.2625 0.0167 0.0417
1 0.4526 0.5025 0.0469 0.0483
1 0.6146 0.4817 0.0208 0.0333
1 0.3214 0.5017 0.0927 0.0933
6 0.6448 0.3917 0.0187 0.05
