10 0.3271 0.4817 0.1 0.1467
1 0.2443 0.5325 0.0573 0.0483
6 0.5182 0.3258 0.024 0.065
0 0.0531 0.5417 0.0167 0.0667
1 0.4651 0.5133 0.0281 0.04
2 0.2849 0.5133 0.024 0.0733
2 0.0839 0.5417 0.026 0.0767
1 0.4391 0.5133 0.0281 0.03
2 0.0807 0.5383 0.024 0.08
10 0.2365 0.5117 0.0563 0.0567
7 0.051 0.4408 0.0229 0.0583
0 0.0802 0.5375 0.0104 0.0683
1 0.3943 0.5175 0.0323 0.035
10 0.1734 0.5217 0.0823 0.0833
1 0.1719 0.525 0.0875 0.0733
1 0.8604 0.6425 0.275 0.705
1 0.563 0.525 0.049 0.0633
6 0.6552 0.4108 0.0229 0.065
1 0.8615 0.6425 0.2687 0.6983
1 0.2448 0.5158 0.0625 0.0583
0 0.0547 0.5467 0.0344 0.07
7 0.4484 0.3242 0.0198 0.0583
