6 0.662 0.2842 0.0198 0.1183
6 0.5339 0.4233 0.0135 0.04
2 0.7823 0.5158 0.0271 0.0917
7 0.3187 0.3292 0.0208 0.0417
6 0.4016 0.3292 0.0177 0.0417
0 0.6182 0.5133 0.0198 0.0667
0 0.6156 0.5117 0.0292 0.0833
1 0.4016 0.5442 0.1073 0.1283
2 0.7771 0.515 0.0229 0.1133
0 0.6906 0.5058 0.025 0.075
2 0.5349 0.5133 0.0156 0.06
7 0.3172 0.3275 0.0135 0.035
1 0.0661 0.565 0.1323 0.1367
1 0.8391 0.5017 0.0552 0.0733
6 0.6651 0.2717 0.0281 0.1033
6 0.0312 0.46 0.0125 0.03
1 0.7526 0.5083 0.1219 0.06
6 0.0302 0.47 0.025 0.0467
0 0.6844 0.5075 0.05 0.0583
