1 0.2177 0.5375 0.1062 0.1217
2 0.8536 0.5008 0.0635 0.095
2 0.7151 0.5042 0.0323 0.0983
1 0.3182 0.5217 0.049 0.0633
2 0.6229 0.5258 0.0333 0.1283
2 0.5849 0.5417 0.0365 0.14
1 0.4729 0.5475 0.1208 0.175
2 0.1302 0.5208 0.0229 0.065
2 0.1302 0.5317 0.0521 0.08
2 0.7792 0.4725 0.0271 0.0783
2 0.6849 0.5217 0.0198 0.14
1 0.3943 0.5958 0.201 0.2283
2 0.7146 0.4917 0.025 0.09
4 0.2177 0.4133 0.0187 0.0567
2 0.7823 0.4983 0.0312 0.1233
2 0.5719 0.4983 0.0187 0.0633
4 0.5188 0.3958 0.0187 0.0583
1 0.7021 0.51 0.1479 0.1067
2 0.6021 0.5317 0.0167 0.1667
