1 0.8115 0.4875 0.0646 0.065
1 0.1229 0.505 0.0563 0.0567
1 0.7427 0.4975 0.0437 0.045
1 0.1323 0.5533 0.1083 0.1
1 0.1417 0.55 0.0938 0.09
4 0.4229 0.3733 0.0187 0.03
1 0.8286 0.485 0.0781 0.05
1 0.2302 0.5517 0.1042 0.1333
1 0.6766 0.4933 0.0927 0.0567
1 0.3005 0.5358 0.0385 0.1183
4 0.5375 0.4433 0.0146 0.0333
4 0.4208 0.3608 0.0208 0.0483
1 0.7448 0.5 0.0437 0.05
4 0.6344 0.385 0.0146 0.03
1 0.8807 0.4867 0.1031 0.04
7 0.3505 0.3642 0.0156 0.0483
1 0.3432 0.5308 0.0281 0.0483
1 0.6807 0.4925 0.0927 0.0717
6 0.112 0.4492 0.0177 0.0417
1 0.8807 0.4842 0.0969 0.0617
4 0.537 0.4267 0.024 0.05
6 0.3469 0.3617 0.0146 0.0367
4 0.6354 0.3717 0.0187 0.06
1 0.2354 0.5458 0.1104 0.1217
7 0.1135 0.4542 0.0187 0.055
