7 0.3104 0.3242 0.0125 0.0417
0 0.7083 0.5158 0.025 0.075
1 0.3974 0.5625 0.126 0.1683
0 0.6318 0.5183 0.0198 0.0667
6 0.6995 0.2425 0.0385 0.135
2 0.5422 0.5183 0.0156 0.0633
2 0.5427 0.5192 0.0271 0.075
0 0.6312 0.5217 0.0292 0.0833
1 0.888 0.5042 0.0865 0.0717
2 0.8109 0.5133 0.026 0.0967
1 0.7807 0.5167 0.1219 0.06
6 0.401 0.3308 0.0167 0.045
7 0.3109 0.3267 0.0198 0.06
0 0.7068 0.5167 0.049 0.0767
6 0.5391 0.4233 0.0135 0.04
6 0.7016 0.2408 0.0198 0.1183
1 0.0432 0.57 0.0865 0.15
2 0.8135 0.5325 0.0417 0.1383
