1 0.1182 0.4867 0.126 0.1267
1 0.6224 0.485 0.049 0.0467
1 0.4682 0.5017 0.0677 0.0933
7 0.2661 0.3317 0.0198 0.0433
0 0.5505 0.4958 0.024 0.0783
4 0.413 0.3358 0.0177 0.045
0 0.5495 0.4942 0.024 0.085
1 0.3828 0.5025 0.0406 0.0917
4 0.4135 0.335 0.0146 0.0367
4 0.3516 0.3308 0.0198 0.045
1 0.3104 0.4967 0.1104 0.1267
4 0.6161 0.3692 0.0156 0.0483
7 0.2714 0.3408 0.0219 0.055
1 0.3792 0.5008 0.0354 0.105
1 0.1182 0.4908 0.126 0.1317
4 0.3526 0.33 0.0177 0.0433
4 0.5714 0.415 0.0135 0.03
4 0.6177 0.3658 0.0187 0.065
