2 0.2849 0.5133 0.024 0.0733
7 0.4484 0.3233 0.0198 0.0567
1 0.9203 0.7133 0.1552 0.5667
1 0.724 0.5258 0.1271 0.0683
0 0.0583 0.5417 0.0167 0.0667
10 0.3271 0.4817 0.1 0.1467
10 0.2375 0.5117 0.0563 0.0567
6 0.6557 0.4108 0.0219 0.065
0 0.0547 0.5467 0.0344 0.07
1 0.4651 0.5133 0.0281 0.04
1 0.4109 0.5175 0.0323 0.035
1 0.4526 0.5117 0.0281 0.03
10 0.1734 0.5217 0.0823 0.0833
0 0.0813 0.5375 0.0104 0.0683
2 0.0807 0.5383 0.024 0.08
2 0.0839 0.5417 0.026 0.0767
7 0.0516 0.44 0.0219 0.0567
6 0.5188 0.325 0.0229 0.0667
1 0.1719 0.525 0.0875 0.0733
1 0.2448 0.5158 0.0625 0.0583
1 0.9115 0.7117 0.1688 0.5533
1 0.5495 0.5075 0.0385 0.0617
1 0.2474 0.5325 0.0573 0.0483
