1 0.1573 0.55 0.0771 0.0433
10 0.0818 0.5075 0.1635 0.0917
1 0.2422 0.5392 0.0531 0.035
1 0.5073 0.5292 0.0333 0.0917
1 0.449 0.58 0.1313 0.17
1 0.5516 0.535 0.0323 0.0467
4 0.475 0.3983 0.0125 0.04
1 0.3385 0.5475 0.05 0.0583
1 0.3 0.5317 0.0437 0.0433
1 0.3714 0.5442 0.0198 0.0517
2 0.8542 0.5375 0.025 0.185
1 0.0594 0.54 0.0708 0.0367
7 0.4234 0.3975 0.0177 0.0383
1 0.2995 0.5267 0.0323 0.04
1 0.5297 0.535 0.0135 0.0467
1 0.2396 0.5392 0.0542 0.0317
3 0.4203 0.3958 0.0115 0.035
4 0.5568 0.4592 0.0115 0.025
1 0.3406 0.5425 0.0521 0.0717
