1 0.8557 0.51 0.074 0.1133
1 0.6578 0.4933 0.0552 0.0667
4 0.726 0.4158 0.0167 0.0483
1 0.4422 0.4925 0.0615 0.0617
1 0.5734 0.4892 0.026 0.0483
1 0.6276 0.49 0.0177 0.0567
3 0.5682 0.3608 0.024 0.0617
1 0.2594 0.4908 0.0938 0.065
1 0.6219 0.4933 0.0229 0.0333
1 0.6016 0.4925 0.0385 0.0517
6 0.0823 0.0783 0.1646 0.1567
3 0.6526 0.3567 0.0156 0.0433
1 0.3359 0.5217 0.0844 0.0733
1 0.6604 0.4967 0.05 0.0667
1 0.7203 0.51 0.0802 0.1033
1 0.4776 0.4958 0.026 0.045
2 0.9021 0.4825 0.0229 0.0783
1 0.5927 0.495 0.0417 0.0467
2 0.9833 0.4942 0.025 0.1317
1 0.5766 0.4858 0.026 0.0417
8 0.801 0.0767 0.05 0.1167
1 0.0833 0.5175 0.0542 0.045
1 0.1771 0.5033 0.1021 0.0633
3 0.8 0.075 0.0271 0.0933
