1 0.3427 0.4933 0.0708 0.0967
6 0.4464 0.3408 0.0177 0.0483
1 0.4891 0.6508 0.4323 0.5017
1 0.0938 0.5133 0.05 0.0433
4 0.4448 0.3525 0.0333 0.075
1 0.8219 0.4867 0.1 0.0967
3 0.3911 0.3333 0.0177 0.0467
7 0.249 0.3458 0.0229 0.065
1 0.9464 0.4742 0.0844 0.075
4 0.5693 0.415 0.0177 0.06
1 0.3318 0.485 0.0719 0.13
1 0.0635 0.4933 0.0854 0.0933
3 0.3057 0.3483 0.0198 0.06
1 0.175 0.5175 0.1479 0.1417
4 0.5724 0.4058 0.0177 0.045
4 0.3844 0.3483 0.0187 0.0567
1 0.0594 0.5167 0.0542 0.05
1 0.924 0.4733 0.0688 0.06
3 0.2542 0.335 0.0187 0.05
