1 0.0719 0.5475 0.0333 0.1217
2 0.2505 0.5267 0.0135 0.0633
1 0.4094 0.52 0.0729 0.06
2 0.5589 0.5717 0.0969 0.3967
1 0.349 0.52 0.0437 0.05
2 0.1599 0.5267 0.0219 0.08
1 0.7406 0.5533 0.3583 0.2
1 0.4094 0.5192 0.0792 0.0617
2 0.5005 0.585 0.0677 0.35
2 0.1625 0.5267 0.025 0.0833
2 0.0505 0.5542 0.0344 0.135
2 0.2328 0.5225 0.0177 0.065
2 0.4979 0.5783 0.0521 0.3267
2 0.0719 0.5533 0.0167 0.1333
2 0.6479 0.585 0.0771 0.3367
2 0.4839 0.5983 0.1094 0.38
0 0.2807 0.5217 0.0198 0.0567
2 0.2911 0.5267 0.0302 0.12
