1 0.3667 0.615 0.2229 0.2667
2 0.588 0.5317 0.0156 0.15
2 0.2526 0.5308 0.0198 0.0717
1 0.9281 0.6242 0.1417 0.525
1 0.1766 0.5558 0.1156 0.1017
2 0.5698 0.5308 0.0292 0.125
2 0.7104 0.49 0.0146 0.07
2 0.7167 0.485 0.0208 0.06
1 0.2974 0.525 0.0406 0.0667
2 0.7677 0.5017 0.0437 0.0767
1 0.7021 0.5175 0.1062 0.0983
4 0.2427 0.425 0.0167 0.05
2 0.6016 0.5267 0.026 0.1233
2 0.6552 0.4958 0.0167 0.0683
4 0.5198 0.4058 0.0187 0.0583
1 0.7016 0.5167 0.1094 0.08
1 0.5302 0.5308 0.0813 0.1117
1 0.4562 0.5433 0.1042 0.1767
