6 0.3917 0.3925 0.0187 0.0417
1 0.4479 0.3825 0.0104 0.0283
6 0.6026 0.44 0.0177 0.0467
6 0.4458 0.3842 0.0208 0.045
1 0.3698 0.5158 0.0437 0.055
1 0.7474 0.5333 0.1615 0.1333
1 0.2437 0.5158 0.0708 0.0883
1 0.1323 0.5417 0.1062 0.1233
1 0.2875 0.5108 0.0563 0.0883
1 0.6333 0.5133 0.0396 0.0767
1 0.6776 0.5108 0.0781 0.1117
6 0.4927 0.3875 0.0104 0.0317
6 0.6234 0.4108 0.0219 0.0617
6 0.3896 0.3867 0.0083 0.0233
6 0.4938 0.3842 0.0167 0.0417
1 0.2453 0.5167 0.0677 0.0867
1 0.0469 0.52 0.0927 0.2233
1 0.7417 0.5358 0.1354 0.125
1 0.4359 0.5083 0.0615 0.0767
1 0.6042 0.5092 0.0458 0.0883
6 0.6224 0.4092 0.0156 0.0383
1 0.4865 0.5117 0.0542 0.0433
1 0.6776 0.5167 0.0781 0.1033
1 0.5432 0.5133 0.0531 0.07
1 0.3667 0.515 0.0479 0.0633
1 0.2964 0.5158 0.0552 0.0783
1 0.1974 0.525 0.0656 0.08
1 0.1922 0.5217 0.0781 0.0967
1 0.6349 0.5142 0.0531 0.0917
1 0.6068 0.5075 0.0615 0.1017
