4 0.4953 0.415 0.0156 0.0333
10 0.1292 0.4775 0.0792 0.0717
4 0.463 0.4142 0.0115 0.035
1 0.412 0.4883 0.0302 0.05
1 0.638 0.485 0.101 0.1333
1 0.9016 0.505 0.124 0.08
4 0.5656 0.4533 0.0146 0.03
1 0.9 0.5092 0.1229 0.1017
2 0.7057 0.4992 0.024 0.0917
1 0.2583 0.49 0.0312 0.04
1 0.2974 0.4883 0.0323 0.0433
1 0.5833 0.4892 0.0292 0.0717
10 0.1443 0.4858 0.0594 0.0483
1 0.3396 0.4908 0.0292 0.0417
1 0.4875 0.5142 0.0792 0.1083
1 0.2958 0.4925 0.0333 0.0417
10 0.6271 0.4908 0.0771 0.1183
1 0.2536 0.4908 0.0427 0.0483
4 0.5839 0.4483 0.0135 0.03
