6 0.801 0.0767 0.05 0.1167
6 0.0823 0.0783 0.1646 0.1567
1 0.5703 0.4925 0.0281 0.0483
1 0.6062 0.4967 0.05 0.0667
1 0.0938 0.4992 0.0417 0.0317
1 0.5505 0.4925 0.026 0.0417
3 0.6526 0.3567 0.0156 0.0433
1 0.8599 0.51 0.074 0.1133
1 0.6115 0.4942 0.0417 0.0483
1 0.4391 0.4992 0.0281 0.035
1 0.0833 0.5175 0.0542 0.045
2 0.9521 0.4858 0.0229 0.0783
1 0.1719 0.5033 0.1021 0.0633
3 0.8 0.075 0.0271 0.0933
2 0.9521 0.4717 0.025 0.0967
1 0.6474 0.4942 0.0656 0.085
2 0.7589 0.4808 0.024 0.065
1 0.3641 0.5108 0.0719 0.075
3 0.5682 0.3608 0.024 0.0617
1 0.5495 0.49 0.0198 0.0433
4 0.726 0.4167 0.0167 0.05
1 0.4734 0.4958 0.0323 0.0417
1 0.0875 0.5308 0.0375 0.0517
1 0.4427 0.4933 0.0354 0.04
1 0.2812 0.52 0.0958 0.0833
