6 0.2167 0.3783 0.0187 0.0333
1 0.1167 0.505 0.0729 0.06
1 0.4 0.5092 0.1292 0.1983
6 0.2208 0.3825 0.0146 0.0417
1 0.3396 0.4983 0.0479 0.08
1 0.5047 0.5183 0.0906 0.0933
1 0.5979 0.54 0.0813 0.1267
6 0.301 0.4333 0.0146 0.03
1 0.2042 0.5 0.0396 0.0533
1 0.7542 0.5267 0.2458 0.23
7 0.1615 0.3783 0.0187 0.0433
1 0.7115 0.54 0.1604 0.2433
6 0.026 0.4492 0.0167 0.0417
1 0.3104 0.4983 0.0271 0.0633
1 0.3396 0.4942 0.0437 0.065
6 0.299 0.44 0.0146 0.05
1 0.2594 0.5075 0.0417 0.065
1 0.2542 0.5092 0.0604 0.065
6 0.1594 0.37 0.0187 0.0367
1 0.8927 0.5767 0.2125 0.35
