1 0.501 0.5167 0.0271 0.0567
1 0.1161 0.5387 0.0531 0.0508
4 0.3911 0.1533 0.0365 0.07
1 0.674 0.5217 0.0563 0.0967
1 0.7974 0.5358 0.1073 0.0917
1 0.4474 0.51 0.026 0.04
1 0.8036 0.5483 0.1323 0.1233
4 0.5583 0.17 0.0312 0.09
4 0.8911 0.3667 0.0302 0.06
4 0.5557 0.15 0.0323 0.11
1 0.6078 0.5217 0.0635 0.0767
1 0.4109 0.5142 0.0344 0.045
6 0.1974 0.0883 0.0365 0.07
1 0.1807 0.5375 0.0698 0.075
1 0.0318 0.55 0.0625 0.1167
1 0.724 0.5325 0.0563 0.1117
1 0.9583 0.5667 0.0823 0.2017
1 0.6813 0.5233 0.0729 0.0867
1 0.5417 0.5508 0.0938 0.1017
1 0.7339 0.53 0.0781 0.09
