1 0.851 0.4367 0.0792 0.06
1 0.4214 0.4225 0.0615 0.0583
1 0.2625 0.5017 0.1458 0.16
1 0.7771 0.4417 0.0458 0.0833
1 0.4292 0.4175 0.0604 0.055
1 0.4422 0.4742 0.0427 0.0783
1 0.4031 0.4767 0.0417 0.0867
1 0.4365 0.4775 0.0333 0.065
1 0.5339 0.4392 0.0219 0.065
1 0.4026 0.4742 0.0469 0.085
1 0.4656 0.4533 0.0417 0.08
10 0.5474 0.4092 0.0323 0.115
10 0.6589 0.3892 0.074 0.1417
1 0.4927 0.4492 0.0354 0.0583
1 0.8104 0.4342 0.0333 0.0883
1 0.7365 0.4258 0.0563 0.065
1 0.0635 0.5667 0.126 0.2917
1 0.9375 0.5458 0.1229 0.155
1 0.949 0.455 0.0979 0.11
1 0.8286 0.4958 0.0823 0.105
1 0.3557 0.4858 0.051 0.095
1 0.4766 0.4525 0.0219 0.0817
1 0.3594 0.4867 0.0542 0.0967
1 0.8891 0.4575 0.049 0.125
1 0.0995 0.5083 0.1979 0.1967
