2 0.0669 0.5758 0.0214 0.1033
1 0.4318 0.545 0.1281 0.18
1 0.599 0.5708 0.0688 0.1783
2 0.2888 0.5342 0.013 0.065
2 0.2698 0.5317 0.0167 0.05
1 0.6109 0.5633 0.1073 0.18
1 0.5563 0.5283 0.1062 0.0767
1 0.8703 0.7358 0.2531 0.5217
2 0.0174 0.5679 0.0234 0.1292
4 0.2859 0.4417 0.0156 0.04
1 0.7203 0.6033 0.2177 0.2933
4 0.5646 0.425 0.0208 0.05
1 0.374 0.5383 0.0104 0.0533
2 0.1797 0.5433 0.0219 0.0733
2 0.0505 0.565 0.0177 0.1233
2 0.2391 0.535 0.024 0.06
2 0.1771 0.5433 0.0167 0.0633
2 0.9521 0.4408 0.0625 0.1083
1 0.3438 0.5375 0.0375 0.055
1 0.7255 0.5942 0.2406 0.2817
2 0.099 0.5525 0.0271 0.1217
1 0.8693 0.725 0.2573 0.5433
