1 0.5531 0.4867 0.0854 0.0567
6 0.6646 0.3917 0.0229 0.0367
1 0.7948 0.47 0.0771 0.0567
1 0.4854 0.51 0.0563 0.0633
6 0.4292 0.4008 0.0146 0.0283
6 0.375 0.4017 0.0146 0.0267
6 0.5385 0.4383 0.0125 0.0267
1 0.326 0.4967 0.0729 0.1033
1 0.4115 0.5 0.0521 0.0633
6 0.3469 0.405 0.0187 0.0333
6 0.4641 0.3975 0.0198 0.035
1 0.0724 0.4708 0.1448 0.3183
1 0.6661 0.49 0.0802 0.07
6 0.4651 0.3983 0.0135 0.03
6 0.3458 0.4033 0.0146 0.0267
6 0.426 0.395 0.0146 0.03
6 0.3812 0.4058 0.0125 0.0283
10 0.1703 0.4367 0.2365 0.2367
1 0.7891 0.4725 0.074 0.0383
1 0.5521 0.4842 0.0896 0.0583
1 0.3698 0.5067 0.0208 0.06
