4 0.4172 0.3075 0.0177 0.045
4 0.6844 0.3258 0.0312 0.0717
1 0.2599 0.505 0.0365 0.0367
4 0.3432 0.3042 0.0198 0.045
4 0.6016 0.4083 0.0177 0.0367
7 0.2516 0.3142 0.0219 0.055
1 0.4083 0.5067 0.0396 0.0733
1 0.487 0.4975 0.0552 0.0817
1 0.3531 0.495 0.0979 0.11
1 0.7828 0.4967 0.0927 0.0667
10 0.0432 0.49 0.0854 0.1683
0 0.5797 0.4975 0.024 0.0783
4 0.6807 0.3283 0.0302 0.0633
1 0.6609 0.4933 0.049 0.0467
1 0.4094 0.5058 0.0354 0.105
4 0.4182 0.3117 0.0219 0.0467
1 0.2557 0.5025 0.0344 0.0317
7 0.249 0.31 0.0187 0.0533
0 0.5786 0.4958 0.0281 0.0917
4 0.3438 0.31 0.0167 0.05
