1 0.5938 0.5058 0.0479 0.0883
6 0.6953 0.3792 0.0219 0.0417
1 0.6755 0.5158 0.124 0.125
1 0.5026 0.5092 0.0802 0.1017
1 0.0667 0.4933 0.1062 0.1067
1 0.4495 0.485 0.0385 0.0633
1 0.0719 0.495 0.1083 0.0867
6 0.6969 0.3892 0.0229 0.0583
3 0.413 0.37 0.0156 0.0367
1 0.4479 0.485 0.0271 0.04
1 0.388 0.4875 0.0802 0.1217
1 0.7417 0.465 0.0375 0.0333
2 0.7979 0.4992 0.0292 0.0817
7 0.1771 0.415 0.0229 0.0567
1 0.7422 0.5075 0.0406 0.0483
6 0.4891 0.3342 0.0135 0.0517
2 0.7958 0.495 0.0312 0.09
6 0.5974 0.4142 0.0135 0.0417
1 0.8922 0.5658 0.2094 0.4517
1 0.6057 0.5067 0.0635 0.0833
