4 0.5687 0.4075 0.0187 0.065
1 0.2115 0.4833 0.0729 0.1033
1 0.9016 0.4633 0.0594 0.05
4 0.4078 0.3592 0.0177 0.045
1 0.8547 0.47 0.0406 0.0633
1 0.0508 0.4979 0.1005 0.0558
1 0.8604 0.4742 0.0479 0.0417
0 0.5344 0.4958 0.025 0.075
1 0.3547 0.4992 0.0406 0.0917
4 0.5391 0.4317 0.0135 0.03
4 0.362 0.365 0.0177 0.0433
1 0.4536 0.5067 0.0844 0.1067
7 0.2948 0.36 0.0208 0.0333
0 0.5339 0.4942 0.024 0.0783
4 0.4135 0.3617 0.0146 0.0367
1 0.2714 0.4925 0.1344 0.1517
4 0.3578 0.3575 0.0156 0.035
7 0.2974 0.3642 0.0219 0.055
1 0.3542 0.4992 0.0354 0.105
4 0.5651 0.3958 0.0156 0.0483
