7 0.2323 0.2942 0.0208 0.0683
1 0.2401 0.5042 0.0344 0.0317
1 0.4974 0.4992 0.0552 0.0817
4 0.4151 0.2908 0.0177 0.045
1 0.238 0.5083 0.0365 0.0367
4 0.4125 0.2858 0.0208 0.0617
1 0.4271 0.5017 0.0396 0.0733
0 0.5927 0.4975 0.0312 0.0917
0 0.5917 0.5 0.0229 0.09
1 0.2807 0.5017 0.0385 0.04
4 0.3344 0.2867 0.0187 0.06
4 0.6203 0.3967 0.0177 0.0367
4 0.737 0.2917 0.0344 0.1
4 0.7333 0.2967 0.0292 0.1067
1 0.4286 0.5 0.0344 0.07
4 0.3349 0.2883 0.0198 0.0633
1 0.6865 0.4875 0.0708 0.045
1 0.2026 0.5042 0.0302 0.035
1 0.376 0.4967 0.0979 0.11
1 0.8234 0.4992 0.1385 0.065
1 0.0458 0.5708 0.0917 0.2683
7 0.2276 0.2925 0.0177 0.065
