4 0.5109 0.395 0.0156 0.0333
1 0.0906 0.5025 0.0604 0.0383
1 0.338 0.49 0.0365 0.0467
1 0.1469 0.5075 0.0708 0.0583
1 0.8432 0.5008 0.3052 0.2717
1 0.6589 0.49 0.0719 0.0833
1 0.3312 0.4942 0.0354 0.035
4 0.5958 0.4433 0.0146 0.03
10 0.7865 0.4742 0.1958 0.2183
1 0.4078 0.4875 0.0385 0.0483
4 0.4714 0.3975 0.0115 0.035
10 0.0385 0.4858 0.0771 0.0917
1 0.6568 0.4933 0.0615 0.0833
1 0.2313 0.4975 0.0521 0.0483
1 0.5078 0.5092 0.076 0.0983
1 0.2292 0.4942 0.0354 0.045
4 0.6281 0.4342 0.0125 0.0383
