2 0.5969 0.4975 0.0229 0.105
2 0.9042 0.435 0.0229 0.0467
2 0.563 0.5125 0.0156 0.075
2 0.4646 0.5125 0.0271 0.145
2 0.575 0.4992 0.0146 0.0817
1 0.9151 0.5892 0.1656 0.3883
2 0.8427 0.4925 0.025 0.1383
2 0.4599 0.5267 0.0219 0.1267
2 0.824 0.4942 0.0271 0.1317
2 0.0151 0.5342 0.0219 0.0983
2 0.8401 0.485 0.024 0.14
2 0.576 0.5025 0.0208 0.095
1 0.2818 0.5292 0.0219 0.0483
2 0.0865 0.5383 0.0146 0.0667
1 0.4016 0.5133 0.0177 0.0433
2 0.4927 0.5242 0.0187 0.1517
2 0.8276 0.4967 0.024 0.14
2 0.5615 0.5058 0.0229 0.095
1 0.1229 0.5533 0.0792 0.1033
2 0.0578 0.5517 0.0365 0.1467
1 0.2276 0.5492 0.0802 0.1183
2 0.8781 0.4642 0.0333 0.115
2 0.8302 0.4975 0.0104 0.1617
2 0.9203 0.425 0.0135 0.0433
1 0.4344 0.5208 0.0542 0.065
3 0.5818 0.3083 0.0281 0.0933
