1 0.1969 0.5458 0.1479 0.1483
1 0.3349 0.5133 0.0719 0.0833
1 0.3401 0.51 0.0469 0.0533
1 0.6583 0.4767 0.0375 0.04
6 0.2057 0.4475 0.0177 0.0417
1 0.7125 0.4733 0.0458 0.0467
6 0.3771 0.3833 0.0146 0.0367
1 0.6615 0.4783 0.0375 0.0333
1 0.6094 0.4767 0.0708 0.0533
1 0.0453 0.5433 0.0896 0.065
1 0.7562 0.4733 0.0646 0.0467
4 0.562 0.4142 0.0198 0.055
1 0.6125 0.4775 0.0646 0.0417
1 0.7536 0.4683 0.0615 0.0433
1 0.2781 0.5133 0.0458 0.0433
4 0.5188 0.4417 0.0146 0.0333
1 0.0458 0.4967 0.0583 0.0367
4 0.5635 0.42 0.0146 0.03
4 0.4323 0.3933 0.0187 0.03
1 0.275 0.515 0.0521 0.0567
