0 0.2651 0.5208 0.0156 0.0617
1 0.1646 0.5475 0.0333 0.1217
1 0.349 0.515 0.0437 0.04
2 0.2703 0.5217 0.0198 0.06
1 0.5578 0.5108 0.1427 0.0917
2 0.175 0.52 0.025 0.0833
1 0.6062 0.5042 0.1 0.075
2 0.7937 0.5875 0.1167 0.4983
2 0.7182 0.5667 0.0552 0.3433
2 0.2547 0.5242 0.0177 0.065
0 0.2687 0.5225 0.0271 0.0717
2 0.724 0.5692 0.0437 0.3517
2 0.513 0.5292 0.0344 0.1417
0 0.2859 0.52 0.0198 0.0567
2 0.2214 0.5317 0.0302 0.12
2 0.1677 0.5483 0.0167 0.1333
1 0.3995 0.5208 0.1115 0.0683
2 0.7172 0.6167 0.1615 0.4833
1 0.3995 0.5208 0.1115 0.055
2 0.1458 0.555 0.0396 0.1333
2 0.8917 0.5925 0.0854 0.4383
2 0.4771 0.5483 0.0292 0.1167
