4 0.5474 0.415 0.0135 0.03
1 0.1427 0.4783 0.1146 0.1033
7 0.2672 0.3425 0.0219 0.055
0 0.5411 0.4942 0.024 0.0783
1 0.3578 0.4992 0.0406 0.0917
4 0.4068 0.3408 0.0177 0.045
1 0.1479 0.4758 0.1187 0.1283
4 0.587 0.3725 0.0156 0.0483
1 0.5974 0.4733 0.049 0.0467
1 0.4552 0.4975 0.0771 0.105
4 0.3464 0.3383 0.0177 0.0433
1 0.9125 0.4575 0.0479 0.0417
0 0.5344 0.4942 0.025 0.075
4 0.4031 0.3433 0.0146 0.0367
1 0.2797 0.4925 0.1344 0.1517
7 0.2714 0.345 0.0198 0.0433
4 0.3443 0.3375 0.0198 0.045
4 0.5885 0.3775 0.0187 0.065
1 0.3646 0.4992 0.0354 0.105
