1 0.3302 0.475 0.0292 0.03
1 0.8615 0.45 0.0833 0.0533
1 0.9193 0.4642 0.0802 0.055
1 0.738 0.4942 0.0823 0.075
6 0.1917 0.4425 0.0167 0.025
4 0.6094 0.4 0.0167 0.0533
1 0.6979 0.4592 0.1292 0.105
10 0.6687 0.4558 0.1104 0.095
1 0.8516 0.4783 0.0927 0.04
1 0.8562 0.47 0.1125 0.07
6 0.3573 0.4208 0.0146 0.0317
4 0.437 0.3425 0.0156 0.0383
1 0.7391 0.49 0.0823 0.0533
4 0.4385 0.3442 0.0146 0.0483
1 0.188 0.5442 0.1927 0.1817
1 0.9349 0.46 0.0573 0.0567
4 0.5839 0.4192 0.0156 0.035
4 0.6073 0.4175 0.0125 0.035
