1 0.4964 0.4883 0.0656 0.0833
6 0.5911 0.3483 0.0156 0.0367
1 0.1672 0.475 0.0406 0.05
6 0.5068 0.3308 0.0135 0.0383
1 0.2302 0.4692 0.0417 0.0617
1 0.2729 0.4633 0.0375 0.0433
7 0.4286 0.3375 0.0198 0.045
1 0.626 0.4858 0.0917 0.1117
1 0.1292 0.4675 0.0292 0.0283
6 0.7505 0.3633 0.0156 0.0533
6 0.4266 0.3358 0.0198 0.0483
1 0.0688 0.4708 0.05 0.0517
1 0.1656 0.4708 0.0417 0.0417
1 0.1266 0.47 0.0302 0.0433
1 0.2281 0.4717 0.0417 0.0533
1 0.1031 0.4667 0.0271 0.05
1 0.6901 0.4567 0.0427 0.0233
1 0.1 0.4683 0.0146 0.06
6 0.751 0.36 0.0167 0.0533
6 0.5062 0.3233 0.025 0.0333
1 0.0708 0.475 0.05 0.0567
6 0.5922 0.3492 0.0198 0.0383
1 0.2714 0.465 0.0406 0.0467
