2 0.1922 0.5283 0.024 0.1033
2 0.2719 0.5467 0.0396 0.1333
1 0.6594 0.5008 0.1042 0.0783
2 0.1901 0.5292 0.0281 0.095
2 0.4333 0.5233 0.0073 0.045
2 0.5339 0.5483 0.0281 0.1233
2 0.9276 0.5925 0.0531 0.4583
1 0.363 0.5225 0.1115 0.0683
2 0.2849 0.545 0.0219 0.13
1 0.6156 0.5042 0.1 0.075
2 0.4784 0.5146 0.0151 0.0558
2 0.4164 0.5188 0.0089 0.0542
2 0.4477 0.5229 0.0109 0.0458
1 0.6865 0.4967 0.0521 0.0767
1 0.2849 0.5425 0.026 0.1183
2 0.5771 0.5325 0.0333 0.145
1 0.3609 0.5208 0.101 0.055
2 0.1531 0.53 0.0292 0.0967
1 0.5557 0.5125 0.1427 0.0917
