1 0.6651 0.4733 0.0865 0.05
4 0.6172 0.3742 0.0198 0.055
3 0.2339 0.2408 0.0198 0.055
1 0.1516 0.4967 0.0594 0.0633
1 0.524 0.485 0.0312 0.05
1 0.2943 0.49 0.0448 0.05
1 0.225 0.4883 0.0688 0.0733
1 0.3422 0.4892 0.0156 0.0217
1 0.3578 0.485 0.024 0.0367
1 0.1531 0.4992 0.0479 0.0483
4 0.3469 0.2442 0.0187 0.0517
1 0.2188 0.4875 0.0729 0.0817
4 0.613 0.3675 0.0198 0.0583
1 0.0859 0.4975 0.0406 0.0583
1 0.2958 0.49 0.0417 0.0433
1 0.2646 0.4917 0.0229 0.0567
1 0.5979 0.485 0.0312 0.0567
4 0.4344 0.2667 0.0167 0.06
4 0.3479 0.245 0.0208 0.0533
4 0.4349 0.2625 0.0177 0.0583
