6 0.4547 0.3983 0.0135 0.03
1 0.6979 0.45 0.0646 0.0433
6 0.3521 0.4017 0.0146 0.0267
1 0.474 0.4767 0.0479 0.0533
1 0.2089 0.495 0.0302 0.06
6 0.4219 0.3958 0.0146 0.0283
6 0.3812 0.4025 0.0125 0.0283
1 0.4208 0.475 0.0354 0.0533
1 0.0839 0.3992 0.1677 0.155
6 0.3781 0.3917 0.0146 0.0267
1 0.3984 0.4767 0.0281 0.04
1 0.3646 0.4717 0.0604 0.0767
6 0.451 0.3883 0.0146 0.0367
6 0.4219 0.3917 0.0146 0.03
10 0.2812 0.4433 0.1271 0.17
1 0.0833 0.575 0.1667 0.3233
6 0.5146 0.4217 0.0125 0.0267
1 0.5146 0.465 0.0542 0.05
6 0.351 0.4 0.0187 0.0333
