1 0.6625 0.6008 0.1542 0.265
2 0.3557 0.5408 0.0135 0.085
2 0.4505 0.53 0.0156 0.0633
1 0.0341 0.5871 0.0672 0.1725
2 0.2349 0.5467 0.0177 0.1133
2 0.3771 0.5358 0.0312 0.0917
2 0.4766 0.525 0.0219 0.0933
2 0.276 0.5433 0.0167 0.0867
2 0.251 0.5483 0.0167 0.0933
1 0.5667 0.5658 0.1 0.1517
2 0.4089 0.535 0.0177 0.0867
1 0.4693 0.5292 0.0302 0.0583
6 0.5141 0.4325 0.0177 0.0417
1 0.1073 0.5667 0.0771 0.1367
6 0.2375 0.4458 0.0146 0.0383
1 0.8534 0.7208 0.2922 0.5567
2 0.2052 0.55 0.0229 0.1033
2 0.2651 0.5508 0.0115 0.0783
2 0.2646 0.5475 0.0125 0.0883
2 0.475 0.5275 0.0146 0.0883
2 0.2406 0.5608 0.0146 0.0917
