3 0.837 0.3592 0.0198 0.0417
4 0.5047 0.4058 0.0177 0.045
4 0.8135 0.41 0.0167 0.0567
1 0.5453 0.5717 0.099 0.1267
3 0.8812 0.3392 0.0208 0.0617
1 0.0214 0.5392 0.0417 0.0617
4 0.3823 0.4175 0.0146 0.035
1 0.3286 0.6092 0.2531 0.2717
1 0.5464 0.5175 0.0427 0.035
1 0.1646 0.5333 0.0479 0.0333
1 0.4781 0.5267 0.0271 0.0367
1 0.5839 0.5433 0.0365 0.07
1 0.2224 0.5325 0.026 0.0417
1 0.8292 0.6842 0.3312 0.475
4 0.5036 0.4058 0.0094 0.035
1 0.6474 0.5308 0.0615 0.0783
3 0.0542 0.2575 0.0187 0.0683
3 0.2526 0.3575 0.0198 0.055
3 0.3219 0.3033 0.0229 0.06
4 0.6312 0.4742 0.0125 0.0317
1 0.5859 0.54 0.0365 0.0633
1 0.4427 0.5208 0.025 0.0417
4 0.4115 0.4467 0.0146 0.0333
