1 0.2354 0.5417 0.0604 0.0667
10 0.2687 0.5108 0.0854 0.1083
1 0.0557 0.5667 0.1073 0.14
1 0.2365 0.5458 0.0667 0.065
1 0.5349 0.5333 0.0781 0.1067
1 0.4062 0.5042 0.0708 0.125
1 0.4323 0.5142 0.0396 0.1283
1 0.5333 0.5317 0.0729 0.0833
10 0.1667 0.5058 0.0646 0.1517
1 0.8219 0.5 0.0854 0.08
10 0.0766 0.4608 0.1094 0.095
1 0.3208 0.5292 0.0417 0.055
1 0.8245 0.5067 0.0677 0.07
1 0.9076 0.7129 0.1839 0.4758
10 0.0885 0.4633 0.1271 0.1167
1 0.3802 0.5467 0.0938 0.1233
1 0.4729 0.53 0.0396 0.06
1 0.2802 0.5067 0.0458 0.0967
