1 0.1786 0.54 0.0469 0.0667
2 0.5365 0.5167 0.0146 0.0667
1 0.4716 0.5363 0.0703 0.0658
7 0.2802 0.2783 0.0229 0.0667
1 0.9167 0.5175 0.1583 0.1017
6 0.3906 0.2867 0.0229 0.0733
2 0.699 0.5262 0.0156 0.0808
1 0.3297 0.6525 0.3302 0.425
2 0.5245 0.5175 0.0135 0.0683
0 0.6604 0.5279 0.025 0.0875
2 0.7216 0.525 0.0193 0.0767
6 0.5635 0.4117 0.025 0.0667
2 0.5906 0.5267 0.025 0.0733
2 0.6833 0.5304 0.0146 0.0692
1 0.1198 0.5408 0.0771 0.0817
2 0.6424 0.5288 0.0224 0.0775
2 0.5865 0.5308 0.0563 0.0883
0 0.5094 0.53 0.0333 0.0733
