4 0.2609 0.4525 0.0135 0.0317
1 0.1516 0.5067 0.0365 0.0367
1 0.2703 0.4925 0.0531 0.0717
4 0.1833 0.4025 0.0167 0.035
1 0.5604 0.5067 0.1062 0.13
6 0.1323 0.3917 0.0187 0.05
1 0.4859 0.4825 0.0469 0.0383
1 0.337 0.495 0.051 0.07
1 0.0628 0.5092 0.0307 0.035
1 0.3688 0.495 0.0229 0.0433
1 0.7365 0.5542 0.1917 0.2317
1 0.7328 0.5433 0.1677 0.1667
4 0.476 0.4292 0.0187 0.0383
1 0.2734 0.4958 0.0469 0.0483
7 0.1318 0.3992 0.0156 0.0383
4 0.4766 0.4208 0.0115 0.0283
4 0.1844 0.4083 0.0146 0.0367
1 0.9396 0.6525 0.1198 0.3083
