4 0.5589 0.3592 0.0177 0.0517
1 0.4151 0.5342 0.0531 0.0683
1 0.3688 0.5158 0.0333 0.0517
1 0.2823 0.5275 0.0271 0.035
4 0.5578 0.3617 0.0219 0.0633
1 0.2849 0.5275 0.0219 0.0317
1 0.3932 0.5083 0.026 0.0333
1 0.8745 0.4575 0.0823 0.065
1 0.2526 0.5325 0.0302 0.0383
4 0.2729 0.2117 0.025 0.0767
1 0.8802 0.4533 0.0813 0.0367
1 0.069 0.5671 0.0703 0.0658
1 0.9044 0.5071 0.1901 0.1892
1 0.3484 0.5233 0.0177 0.0233
1 0.7932 0.4625 0.0885 0.0383
4 0.2734 0.2117 0.0219 0.08
1 0.2484 0.5308 0.0344 0.0383
