1 0.4057 0.485 0.0406 0.06
6 0.3354 0.3917 0.0187 0.0333
1 0.3354 0.4725 0.0667 0.0883
1 0.7312 0.4642 0.0542 0.0483
6 0.3344 0.3967 0.0146 0.0267
6 0.5156 0.425 0.0125 0.0267
6 0.4464 0.3933 0.0135 0.03
1 0.3057 0.4842 0.0198 0.055
1 0.076 0.455 0.1521 0.2967
10 0.2266 0.4342 0.1635 0.1783
1 0.5656 0.4717 0.0771 0.0467
6 0.3698 0.3942 0.0125 0.0283
1 0.5677 0.4733 0.0771 0.04
6 0.4448 0.3917 0.0146 0.0367
1 0.4688 0.4867 0.0563 0.0633
1 0.9292 0.4533 0.0646 0.0433
6 0.3656 0.3917 0.0146 0.0267
6 0.4146 0.3892 0.0146 0.0283
6 0.4104 0.39 0.0146 0.03
