1 0.6094 0.5042 0.1 0.075
0 0.2714 0.5217 0.0198 0.0567
2 0.313 0.5433 0.0219 0.13
2 0.5604 0.5517 0.0271 0.1267
2 0.456 0.5179 0.0151 0.0558
2 0.2958 0.545 0.0396 0.1333
1 0.5495 0.5125 0.1427 0.0917
1 0.351 0.5217 0.0875 0.0667
2 0.1922 0.535 0.024 0.1033
1 0.313 0.5458 0.026 0.1183
2 0.9276 0.5925 0.0531 0.4583
1 0.6562 0.5042 0.1042 0.0783
2 0.5927 0.5325 0.0333 0.145
2 0.1839 0.5333 0.0281 0.1
1 0.6865 0.4967 0.0521 0.0767
1 0.3505 0.5233 0.0865 0.0533
2 0.1458 0.53 0.0292 0.0967
2 0.4385 0.5246 0.0156 0.0442
2 0.4146 0.5221 0.0125 0.0492
