6 0.4422 0.3775 0.0156 0.0283
6 0.4849 0.3767 0.0198 0.0367
6 0.7396 0.3567 0.0229 0.0367
6 0.5687 0.42 0.0125 0.0267
6 0.3469 0.3817 0.0146 0.0333
1 0.6109 0.4842 0.0927 0.0617
6 0.3458 0.37 0.0187 0.0333
10 0.1479 0.4033 0.1896 0.28
1 0.3505 0.4992 0.026 0.0717
1 0.8271 0.4683 0.0813 0.0567
1 0.6083 0.4817 0.0979 0.0767
1 0.0557 0.4783 0.1115 0.3167
1 0.2844 0.49 0.0979 0.13
6 0.3859 0.3808 0.0135 0.025
6 0.4417 0.375 0.0146 0.03
6 0.3844 0.3717 0.0146 0.0267
6 0.4833 0.3767 0.0146 0.0267
1 0.4135 0.4983 0.0625 0.0933
1 0.5062 0.5067 0.0688 0.0933
