1 0.4651 0.5133 0.0281 0.04
1 0.6328 0.5267 0.0969 0.0667
10 0.2375 0.5117 0.0563 0.0567
6 0.5188 0.325 0.0229 0.0667
1 0.4474 0.5117 0.0281 0.03
1 0.1719 0.525 0.0875 0.0733
1 0.2448 0.5158 0.0625 0.0583
1 0.4016 0.5175 0.0323 0.035
0 0.0542 0.545 0.0333 0.0733
2 0.0807 0.5383 0.024 0.08
7 0.4484 0.3242 0.0198 0.0583
0 0.0813 0.5375 0.0104 0.0683
1 0.8875 0.6325 0.2208 0.725
10 0.3271 0.4817 0.1 0.1467
10 0.1734 0.5217 0.0823 0.0833
6 0.6557 0.4108 0.0219 0.065
1 0.888 0.635 0.2177 0.72
2 0.0839 0.5417 0.026 0.0767
1 0.2464 0.5325 0.0573 0.0483
2 0.2849 0.5133 0.024 0.0733
0 0.0552 0.5417 0.0167 0.0667
7 0.0516 0.44 0.0219 0.0567
