4 0.5135 0.3133 0.0187 0.0533
4 0.6344 0.4033 0.0146 0.0367
1 0.1365 0.5133 0.0208 0.0433
1 0.5786 0.4908 0.051 0.045
1 0.0654 0.5346 0.1297 0.0958
1 0.3432 0.4825 0.0198 0.0483
2 0.638 0.4817 0.0177 0.0667
1 0.5406 0.4825 0.0417 0.0483
1 0.3802 0.4525 0.0187 0.025
1 0.2693 0.4917 0.0219 0.0667
10 0.2182 0.4883 0.101 0.19
1 0.3766 0.5075 0.0531 0.085
1 0.7693 0.4967 0.1198 0.06
1 0.4911 0.4725 0.0323 0.045
4 0.5151 0.3158 0.0156 0.045
1 0.4427 0.5192 0.0854 0.1383
1 0.1214 0.4817 0.026 0.0333
7 0.3146 0.4275 0.0187 0.0483
1 0.4922 0.4708 0.0344 0.045
5 0.1172 0.4692 0.0344 0.0883
1 0.3781 0.4625 0.0271 0.0217
5 0.3146 0.43 0.0167 0.05
