1 0.0187 0.5475 0.0365 0.1067
2 0.7052 0.5225 0.0187 0.085
0 0.6625 0.5275 0.025 0.0883
2 0.6141 0.5308 0.0552 0.085
6 0.3906 0.2875 0.0229 0.075
1 0.1786 0.54 0.0469 0.0667
1 0.3297 0.6533 0.3281 0.4267
2 0.5297 0.5175 0.0156 0.0617
7 0.2802 0.2783 0.0229 0.0667
1 0.1797 0.5417 0.0427 0.0533
2 0.725 0.5142 0.0208 0.065
2 0.5443 0.5183 0.0177 0.06
0 0.5094 0.53 0.0333 0.0733
2 0.5229 0.5225 0.0146 0.0817
2 0.5292 0.5175 0.0146 0.075
0 0.5042 0.525 0.0271 0.0833
1 0.9583 0.5308 0.0729 0.0783
2 0.5443 0.5167 0.0177 0.0767
2 0.6208 0.5242 0.0229 0.0717
1 0.1198 0.5408 0.0771 0.0817
2 0.6891 0.53 0.0219 0.0767
0 0.6589 0.5242 0.0323 0.0883
6 0.5635 0.4125 0.025 0.0683
2 0.726 0.5208 0.0208 0.085
