1 0.6312 0.5433 0.0458 0.1167
10 0.0286 0.5058 0.0573 0.1083
6 0.6792 0.4225 0.0187 0.055
1 0.9422 0.52 0.0802 0.06
1 0.5312 0.5325 0.0417 0.075
1 0.7979 0.6317 0.375 0.3633
6 0.4135 0.3267 0.0229 0.0533
6 0.4927 0.3283 0.0167 0.0467
1 0.5354 0.5258 0.0521 0.0783
3 0.3161 0.33 0.0198 0.06
1 0.0953 0.5792 0.1281 0.175
6 0.4922 0.3292 0.024 0.065
10 0.0625 0.5075 0.125 0.1183
6 0.4156 0.3358 0.0167 0.055
1 0.5234 0.5125 0.0594 0.0683
2 0.9599 0.5233 0.026 0.0667
1 0.288 0.5917 0.3177 0.4133
6 0.9318 0.2567 0.0573 0.16
