3 0.5818 0.3133 0.026 0.0967
2 0.5401 0.4975 0.0156 0.0817
1 0.2271 0.545 0.0833 0.0933
2 0.5208 0.5058 0.0187 0.085
1 0.1266 0.5558 0.0781 0.0817
2 0.9854 0.4808 0.025 0.1617
2 0.0589 0.5508 0.026 0.1283
1 0.4354 0.5217 0.0479 0.0533
2 0.0583 0.5442 0.0229 0.1117
2 0.0406 0.57 0.0167 0.0533
2 0.0255 0.5458 0.0177 0.1017
2 0.5089 0.5017 0.0135 0.0833
1 0.7151 0.5258 0.274 0.1583
1 0.3099 0.5192 0.0302 0.065
2 0.524 0.5017 0.0146 0.08
2 0.8333 0.4733 0.0187 0.1
2 0.0979 0.5208 0.0167 0.0483
1 0.2823 0.5292 0.0312 0.065
2 0.8495 0.4833 0.024 0.1233
