2 0.9078 0.4733 0.0219 0.1233
2 0.5406 0.4992 0.0146 0.0917
1 0.4349 0.5308 0.1406 0.1217
2 0.0359 0.5458 0.0177 0.1017
2 0.9214 0.4775 0.0177 0.1317
2 0.5089 0.5017 0.0135 0.0833
2 0.938 0.4775 0.0198 0.1217
1 0.1266 0.5558 0.0781 0.0817
3 0.5818 0.3133 0.026 0.0967
2 0.5401 0.4975 0.0156 0.0817
2 0.0656 0.5483 0.025 0.1233
1 0.2271 0.545 0.0833 0.0933
2 0.524 0.5017 0.0146 0.08
2 0.5208 0.5058 0.0187 0.085
2 0.9854 0.48 0.025 0.16
2 0.049 0.5717 0.0167 0.0533
1 0.2823 0.5292 0.0312 0.065
2 0.0677 0.5458 0.0187 0.1117
1 0.3099 0.5192 0.0302 0.065
